0 3601
1 2956
2 2967
3 3147
4 3198
5 3322
6 3226
7 3385
8 3296
9 3349
10 3331
11 3355
12 3272
13 3364
14 3262
15 3448
16 3326
17 3399
18 3306
19 3349
20 3455
21 3304
22 3285
23 3380
24 3365
25 3470
26 3362
27 3380
28 3372
29 3423
30 3278
31 3319
32 3340
33 3505
34 3390
35 3476
36 3407
37 3396
38 3424
39 3439
40 3410
41 3432
42 3451
43 3422
44 3396
45 3436
46 3370
47 3478
48 3528
49 3450
50 3500
51 3383
52 3298
53 3290
54 3399
55 3475
56 3380
57 3364
58 3401
59 3428
60 3368
61 3427
62 3260
63 3374
64 3262
65 3323
66 3409
67 3314
68 3295
69 3346
70 3402
71 3329
72 3247
73 3360
74 3351
75 3280
76 3298
77 3267
78 3272
79 3174
80 3330
81 3314
82 3318
83 3465
84 3480
85 3360
86 3401
87 3373
88 3455
89 3435
90 3548
91 3583
92 3509
93 3406
94 3437
95 3622
96 3613
97 3647
98 3710
99 3651
100 3725
101 3869
102 3910
103 3952
104 3954
105 4021
106 4057
107 4320
108 4237
109 4553
110 4606
111 4702
112 4742
113 4811
114 4639
115 4785
116 4723
117 4571
118 4670
119 4663
120 4578
121 4233
122 4199
123 4052
124 4146
125 4102
126 3940
127 4005
128 3796
129 3563
130 3608
131 3533
132 3436
133 3609
134 3434
135 3531
136 3485
137 3416
138 3395
139 3529
140 3647
141 3346
142 3327
143 3548
144 3381
145 3464
146 3451
147 3428
148 3450
149 3438
150 3521
151 3428
152 3632
153 3402
154 3297
155 3361
156 3426
157 3333
158 3273
159 3180
160 3351
161 3344
162 3322
163 3428
164 3384
165 3311
166 3336
167 3360
168 3327
169 3337
170 3257
171 3312
172 3316
173 3193
174 3321
175 3338
176 3198
177 3303
178 3226
179 3392
180 3189
181 3412
182 3245
183 3285
184 3251
185 3285
186 3312
187 3303
188 3140
189 3331
190 3189
191 3168
192 3222
193 3271
194 3171
195 3272
196 3234
197 3290
198 3141
199 3277
200 3311
201 3337
202 3355
203 3280
204 3317
205 3371
206 3349
207 3363
208 3334
209 3351
210 3225
211 3377
212 3389
213 3398
214 3368
215 3311
216 3245
217 3341
218 3302
219 3358
220 3227
221 3344
222 3414
223 3327
224 3139
225 3324
226 3331
227 3230
228 3286
229 3318
230 3410
231 3301
232 3356
233 3357
234 3399
235 3373
236 3408
237 3415
238 3321
239 3401
240 3394
241 3447
242 3505
243 3380
244 3426
245 3465
246 3519
247 3429
248 3415
249 3639
250 3575
251 3350
252 3544
253 3536
254 3558
255 3658
256 3802
257 3763
258 3735
259 3785
260 3726
261 3948
262 4093
263 3978
264 4149
265 4314
266 4194
267 4009
268 4033
269 3947
270 3814
271 3790
272 3791
273 3657
274 3474
275 3439
276 3349
277 3395
278 3388
279 3348
280 3321
281 3433
282 3474
283 3238
284 3402
285 3354
286 3578
287 3337
288 3373
289 3393
290 3325
291 3407
292 3311
293 3491
294 3495
295 3419
296 3381
297 3430
298 3498
299 3414
300 3409
301 3506
302 3374
303 3426
304 3525
305 3396
306 3309
307 3282
308 3285
309 3230
310 3332
311 3318
312 3291
313 3258
314 3291
315 3305
316 3122
317 3224
318 3295
319 3381
320 3214
321 3367
322 3480
323 3298
324 3156
325 3268
326 3241
327 3268
328 3285
329 3373
330 3291
331 3254
332 3230
333 3259
334 3273
335 3254
336 3203
337 3233
338 3255
339 3367
340 3368
341 3441
342 3393
343 3390
344 3489
345 3433
346 3509
347 3780
348 3658
349 3610
350 3663
351 3758
352 3942
353 3865
354 4064
355 4109
356 4422
357 4541
358 4701
359 5284
360 5573
361 6140
362 6782
363 7563
364 8846
365 9993
366 10812
367 12057
368 12924
369 13903
370 15309
371 16729
372 18243
373 19525
374 21189
375 22471
376 25173
377 26360
378 30309
379 35396
380 41064
381 46242
382 54262
383 59550
384 65110
385 65186
386 64193
387 62521
388 61764
389 57397
390 52126
391 46364
392 41291
393 33125
394 24039
395 18267
396 12493
397 9055
398 6984
399 5830
400 5160
401 4955
402 4661
403 4543
404 4254
405 4299
406 4225
407 4239
408 4027
409 4122
410 3820
411 3756
412 3960
413 3898
414 3736
415 3677
416 3700
417 3542
418 3713
419 3663
420 3698
421 3521
422 3566
423 3610
424 3642
425 3503
426 3571
427 3700
428 3450
429 3557
430 3644
431 3451
432 3600
433 3582
434 3577
435 3483
436 3500
437 3579
438 3538
439 3498
440 3553
441 3680
442 3635
443 3497
444 3670
445 3691
446 3733
447 3706
448 3768
449 3981
450 3973
451 4150
452 4029
453 4162
454 4344
455 4468
456 4386
457 4443
458 4365
459 4456
460 4499
461 4526
462 4636
463 4467
464 4368
465 4355
466 4136
467 4040
468 4176
469 3806
470 3730
471 3584
472 3390
473 3454
474 3330
475 3180
476 3118
477 3198
478 3140
479 3155
480 3112
481 3055
482 3042
483 3138
484 3130
485 3034
486 3144
487 3165
488 3027
489 3010
490 2983
491 3047
492 3018
493 3024
494 3071
495 2981
496 3048
497 3104
498 3083
499 2970
500 3069
501 3068
502 3086
503 3052
504 3086
505 3087
506 2988
507 2930
508 2902
509 2871
510 2965
511 2917
512 3223
513 3036
514 3016
515 3051
516 3105
517 2990
518 3126
519 3034
520 3163
521 3039
522 3173
523 3013
524 3112
525 2969
526 3124
527 3052
528 3079
529 3052
530 3046
531 2895
532 3090
533 3020
534 3026
535 2960
536 2941
537 2945
538 2929
539 2909
540 3108
541 2939
542 3034
543 2986
544 3079
545 3047
546 2959
547 3203
548 3086
549 3079
550 3132
551 2986
552 3168
553 3077
554 3031
555 3094
556 3049
557 3013
558 3217
559 3024
560 3019
561 2988
562 3029
563 3058
564 2988
565 3122
566 2978
567 2903
568 2962
569 2929
570 2902
571 3007
572 2979
573 2990
574 3012
575 2971
576 3046
577 3077
578 3030
579 2997
580 3125
581 3099
582 3144
583 3130
584 3145
585 3157
586 3221
587 3272
588 3279
589 3124
590 3237
591 3171
592 3132
593 2917
594 3067
595 3069
596 2992
597 3083
598 2909
599 2986
600 2946
601 2953
602 2864
603 2977
604 2868
605 2930
606 2793
607 2959
608 2877
609 2849
610 2706
611 3000
612 3125
613 3027
614 2951
615 3096
616 3051
617 2994
618 3113
619 3061
620 3301
621 3297
622 3614
623 3686
624 3767
625 3974
626 3988
627 3986
628 4105
629 4303
630 4455
631 4688
632 4862
633 4762
634 4992
635 4797
636 5101
637 4834
638 4628
639 4615
640 4478
641 4103
642 3873
643 3648
644 3617
645 3278
646 3291
647 3075
648 3008
649 3062
650 2887
651 2799
652 2756
653 2712
654 2704
655 2681
656 2824
657 2778
658 2764
659 2822
660 2669
661 2764
662 2701
663 2848
664 2666
665 2700
666 2741
667 2712
668 2657
669 2754
670 2751
671 2713
672 2756
673 2720
674 2727
675 2709
676 2701
677 2775
678 2781
679 2712
680 2687
681 2695
682 2675
683 2666
684 2634
685 2669
686 2682
687 2696
688 2630
689 2667
690 2633
691 2616
692 2607
693 2629
694 2672
695 2660
696 2750
697 2590
698 2667
699 2649
700 2581
701 2656
702 2585
703 2745
704 2600
705 2733
706 2653
707 2669
708 2736
709 2709
710 2734
711 2778
712 2705
713 2516
714 2713
715 2579
716 2573
717 2648
718 2668
719 2757
720 2630
721 2689
722 2644
723 2686
724 2587
725 2652
726 2589
727 2647
728 2723
729 2743
730 2672
731 2822
732 2699
733 2646
734 2677
735 2840
736 2833
737 2811
738 2719
739 2957
740 2885
741 2936
742 2949
743 3197
744 3193
745 3459
746 3506
747 3721
748 4028
749 4274
750 4678
751 4918
752 5528
753 6021
754 6712
755 7149
756 7349
757 7859
758 8067
759 7976
760 8236
761 8112
762 7700
763 7396
764 6807
765 6412
766 5971
767 5554
768 5036
769 4584
770 4087
771 3766
772 3524
773 3324
774 3204
775 3043
776 3030
777 2867
778 2772
779 2759
780 2691
781 2764
782 2767
783 2669
784 2570
785 2688
786 2624
787 2649
788 2641
789 2594
790 2648
791 2582
792 2566
793 2594
794 2712
795 2636
796 2562
797 2531
798 2517
799 2564
800 2634
801 2713
802 2643
803 2604
804 2635
805 2597
806 2628
807 2499
808 2719
809 2542
810 2649
811 2620
812 2543
813 2679
814 2476
815 2467
816 2510
817 2464
818 2587
819 2593
820 2642
821 2526
822 2521
823 2618
824 2580
825 2535
826 2473
827 2508
828 2422
829 2507
830 2562
831 2563
832 2470
833 2466
834 2539
835 2552
836 2472
837 2446
838 2397
839 2579
840 2585
841 2599
842 2592
843 2450
844 2450
845 2496
846 2470
847 2562
848 2527
849 2616
850 2597
851 2433
852 2584
853 2611
854 2544
855 2570
856 2538
857 2540
858 2551
859 2531
860 2572
861 2536
862 2626
863 2547
864 2634
865 2590
866 2674
867 2587
868 2704
869 2692
870 2684
871 2653
872 2719
873 2796
874 2821
875 2891
876 3013
877 2915
878 3074
879 3117
880 3182
881 3342
882 3611
883 3831
884 4188
885 4236
886 4604
887 5162
888 5537
889 5956
890 6295
891 6602
892 6922
893 6851
894 7240
895 7126
896 7310
897 6785
898 6776
899 6226
900 6278
901 5633
902 5239
903 4787
904 4076
905 3873
906 3646
907 3308
908 3087
909 2847
910 2848
911 2795
912 2665
913 2717
914 2617
915 2705
916 2658
917 2678
918 2640
919 2709
920 2560
921 2516
922 2568
923 2617
924 2523
925 2526
926 2493
927 2383
928 2550
929 2470
930 2525
931 2630
932 2548
933 2552
934 2506
935 2582
936 2531
937 2507
938 2421
939 2463
940 2503
941 2423
942 2402
943 2376
944 2491
945 2434
946 2471
947 2432
948 2509
949 2493
950 2536
951 2434
952 2480
953 2571
954 2518
955 2579
956 2480
957 2546
958 2460
959 2475
960 2579
961 2374
962 2457
963 2587
964 2459
965 2525
966 2477
967 2513
968 2516
969 2414
970 2500
971 2439
972 2397
973 2650
974 2492
975 2428
976 2441
977 2485
978 2401
979 2607
980 2495
981 2602
982 2551
983 2547
984 2438
985 2458
986 2517
987 2497
988 2508
989 2561
990 2509
991 2594
992 2522
993 2604
994 2573
995 2511
996 2608
997 2509
998 2507
999 2555
1000 2561
1001 2609
1002 2550
1003 2590
1004 2626
1005 2732
1006 2694
1007 2600
1008 2731
1009 2555
1010 2674
1011 2726
1012 2735
1013 2822
1014 2797
1015 2890
1016 3114
1017 3062
1018 3230
1019 3371
1020 3316
1021 3580
1022 3676
1023 4080
1024 4236
1025 4497
1026 4803
1027 5173
1028 5386
1029 5625
1030 6048
1031 6854
1032 7087
1033 7893
1034 8395
1035 9268
1036 9748
1037 10053
1038 11324
1039 12637
1040 14055
1041 16266
1042 18078
1043 20522
1044 21708
1045 22936
1046 23652
1047 24024
1048 25316
1049 24679
1050 23421
1051 20458
1052 17768
1053 14584
1054 11881
1055 9929
1056 8148
1057 6846
1058 6063
1059 5211
1060 4944
1061 4612
1062 4439
1063 4421
1064 4325
1065 4381
1066 4606
1067 4812
1068 4995
1069 5641
1070 6417
1071 6945
1072 7209
1073 8187
1074 8367
1075 8705
1076 9503
1077 9960
1078 10301
1079 10696
1080 10409
1081 10655
1082 10579
1083 10122
1084 9712
1085 9305
1086 8560
1087 7763
1088 7214
1089 6435
1090 5676
1091 4920
1092 4576
1093 4230
1094 3819
1095 3571
1096 3484
1097 3210
1098 3014
1099 2864
1100 2886
1101 2740
1102 2662
1103 2632
1104 2690
1105 2571
1106 2559
1107 2604
1108 2449
1109 2418
1110 2484
1111 2496
1112 2529
1113 2387
1114 2472
1115 2425
1116 2417
1117 2435
1118 2339
1119 2311
1120 2309
1121 2491
1122 2416
1123 2371
1124 2418
1125 2410
1126 2534
1127 2295
1128 2385
1129 2268
1130 2408
1131 2352
1132 2295
1133 2410
1134 2321
1135 2437
1136 2289
1137 2261
1138 2293
1139 2346
1140 2336
1141 2303
1142 2258
1143 2462
1144 2276
1145 2424
1146 2247
1147 2268
1148 2252
1149 2294
1150 2232
1151 2253
1152 2416
1153 2374
1154 2414
1155 2290
1156 2414
1157 2324
1158 2272
1159 2224
1160 2341
1161 2248
1162 2271
1163 2284
1164 2286
1165 2373
1166 2382
1167 2387
1168 2232
1169 2299
1170 2234
1171 2280
1172 2267
1173 2418
1174 2246
1175 2323
1176 2284
1177 2338
1178 2256
1179 2225
1180 2366
1181 2367
1182 2337
1183 2387
1184 2275
1185 2246
1186 2317
1187 2239
1188 2241
1189 2265
1190 2289
1191 2373
1192 2186
1193 2064
1194 2193
1195 2289
1196 2147
1197 2262
1198 2088
1199 2309
1200 2222
1201 2202
1202 2294
1203 2232
1204 2196
1205 2260
1206 2213
1207 2210
1208 2229
1209 2179
1210 2194
1211 2141
1212 2214
1213 2205
1214 2255
1215 2130
1216 2175
1217 2159
1218 2153
1219 2214
1220 2165
1221 2039
1222 2112
1223 2154
1224 2097
1225 2157
1226 2136
1227 2160
1228 2147
1229 2064
1230 2115
1231 2186
1232 2129
1233 2107
1234 2064
1235 2178
1236 2096
1237 2182
1238 2044
1239 2128
1240 2129
1241 2076
1242 2161
1243 2144
1244 2153
1245 2095
1246 2148
1247 2149
1248 2055
1249 2009
1250 2094
1251 2013
1252 2066
1253 2076
1254 2148
1255 2096
1256 2073
1257 2043
1258 2020
1259 2031
1260 2046
1261 2080
1262 2192
1263 2118
1264 2113
1265 2140
1266 2129
1267 2069
1268 2117
1269 2113
1270 2018
1271 2076
1272 2028
1273 2021
1274 1983
1275 1948
1276 1893
1277 1737
1278 1688
1279 2086
