0 3944
1 3159
2 3300
3 3453
4 3584
5 3555
6 3639
7 3695
8 3786
9 3722
10 3738
11 3834
12 3859
13 3996
14 3928
15 4008
16 3988
17 4068
18 4177
19 3922
20 4117
21 4011
22 3987
23 3948
24 3867
25 3946
26 3858
27 3808
28 3849
29 3687
30 3778
31 3655
32 3597
33 3691
34 3637
35 3581
36 3499
37 3544
38 3723
39 3630
40 3627
41 3543
42 3623
43 3650
44 3530
45 3559
46 3520
47 3587
48 3644
49 3724
50 3631
51 3677
52 3519
53 3618
54 3554
55 3722
56 3512
57 3686
58 3564
59 3704
60 3675
61 3713
62 3505
63 3704
64 3677
65 3678
66 3647
67 3602
68 3656
69 3673
70 3667
71 3565
72 3585
73 3739
74 3642
75 3610
76 3551
77 3727
78 3598
79 3786
80 3699
81 3873
82 3747
83 3891
84 3936
85 3890
86 3885
87 4090
88 4096
89 4080
90 4171
91 4416
92 4376
93 4348
94 4335
95 4580
96 4576
97 4794
98 4915
99 4983
100 5038
101 5208
102 5145
103 5405
104 5342
105 5425
106 5343
107 5613
108 5342
109 5184
110 5012
111 4849
112 4526
113 4512
114 4255
115 4182
116 4164
117 3983
118 3813
119 3850
120 3652
121 3477
122 3532
123 3432
124 3528
125 3606
126 3447
127 3620
128 3547
129 3515
130 3510
131 3542
132 3612
133 3692
134 3497
135 3649
136 3404
137 3511
138 3386
139 3510
140 3562
141 3540
142 3425
143 3608
144 3411
145 3349
146 3576
147 3541
148 3373
149 3390
150 3380
151 3544
152 3375
153 3442
154 3452
155 3218
156 3483
157 3466
158 3371
159 3292
160 3409
161 3399
162 3433
163 3413
164 3302
165 3458
166 3244
167 3284
168 3319
169 3332
170 3377
171 3396
172 3224
173 3302
174 3353
175 3278
176 3313
177 3285
178 3101
179 3446
180 3345
181 3469
182 3429
183 3336
184 3311
185 3451
186 3338
187 3357
188 3419
189 3396
190 3278
191 3289
192 3334
193 3330
194 3353
195 3336
196 3313
197 3320
198 3359
199 3435
200 3305
201 3296
202 3419
203 3322
204 3348
205 3363
206 3316
207 3420
208 3273
209 3272
210 3265
211 3164
212 3237
213 3350
214 3252
215 3176
216 3221
217 3159
218 3269
219 3336
220 3274
221 3126
222 3240
223 3123
224 3265
225 3210
226 3258
227 3193
228 3346
229 3275
230 3320
231 3286
232 3403
233 3416
234 3306
235 3352
236 3368
237 3292
238 3345
239 3435
240 3320
241 3359
242 3507
243 3307
244 3474
245 3605
246 3516
247 3514
248 3453
249 3578
250 3520
251 3672
252 3774
253 3702
254 3744
255 3720
256 3749
257 3723
258 3675
259 3761
260 3596
261 3711
262 3555
263 3342
264 3376
265 3465
266 3518
267 3486
268 3300
269 3337
270 3459
271 3434
272 3456
273 3443
274 3355
275 3317
276 3334
277 3462
278 3409
279 3516
280 3491
281 3369
282 3538
283 3328
284 3497
285 3331
286 3490
287 3340
288 3355
289 3406
290 3482
291 3509
292 3316
293 3377
294 3359
295 3366
296 3348
297 3458
298 3355
299 3491
300 3469
301 3477
302 3439
303 3571
304 3484
305 3420
306 3494
307 3443
308 3443
309 3497
310 3498
311 3606
312 3431
313 3477
314 3603
315 3459
316 3359
317 3543
318 3603
319 3559
320 3326
321 3436
322 3483
323 3557
324 3425
325 3371
326 3516
327 3425
328 3534
329 3547
330 3539
331 3534
332 3469
333 3677
334 3946
335 3631
336 3789
337 3778
338 3779
339 3823
340 3811
341 3844
342 3916
343 4176
344 4394
345 4692
346 4865
347 5349
348 5833
349 6373
350 7333
351 8108
352 9175
353 10780
354 14005
355 15741
356 18614
357 20296
358 22684
359 23714
360 25800
361 26826
362 27652
363 28879
364 29845
365 30308
366 31855
367 33102
368 35426
369 35519
370 38307
371 40209
372 41228
373 41519
374 39958
375 37435
376 34633
377 30910
378 26296
379 23738
380 18503
381 14585
382 11742
383 9363
384 7623
385 6251
386 5415
387 4897
388 4572
389 4329
390 4048
391 3963
392 3971
393 3946
394 3860
395 3812
396 3718
397 3657
398 3517
399 3624
400 3494
401 3504
402 3624
403 3599
404 3516
405 3587
406 3530
407 3553
408 3391
409 3597
410 3472
411 3383
412 3525
413 3544
414 3507
415 3440
416 3593
417 3476
418 3434
419 3510
420 3432
421 3550
422 3529
423 3464
424 3449
425 3444
426 3488
427 3472
428 3281
429 3374
430 3401
431 3337
432 3450
433 3297
434 3399
435 3662
436 3521
437 3615
438 3807
439 3479
440 3713
441 3879
442 3805
443 3936
444 4072
445 4268
446 4320
447 4214
448 4382
449 4565
450 4634
451 4421
452 4381
453 4281
454 4216
455 4304
456 3936
457 3956
458 3731
459 3491
460 3508
461 3443
462 3373
463 3319
464 3243
465 3124
466 3063
467 3176
468 3193
469 3104
470 3184
471 3168
472 2984
473 3111
474 2949
475 2989
476 3005
477 2905
478 3095
479 3068
480 3114
481 3100
482 3124
483 3147
484 3041
485 3065
486 3035
487 2977
488 3163
489 3214
490 3150
491 3093
492 3112
493 3028
494 3032
495 3068
496 3073
497 3085
498 2998
499 3062
500 3017
501 3075
502 3141
503 3011
504 3040
505 2965
506 2992
507 2986
508 2952
509 3046
510 2883
511 3035
512 3099
513 2959
514 3022
515 2969
516 3004
517 3008
518 3039
519 3081
520 3006
521 2892
522 3171
523 2948
524 2880
525 2975
526 2948
527 3013
528 3041
529 2997
530 2994
531 2962
532 3027
533 3063
534 2977
535 2954
536 3031
537 2935
538 3057
539 3054
540 2970
541 3003
542 3006
543 3007
544 3022
545 2917
546 2946
547 2915
548 2952
549 3039
550 2918
551 2885
552 2955
553 2983
554 2948
555 3068
556 2983
557 2915
558 2984
559 2951
560 2919
561 3049
562 3108
563 3064
564 2962
565 3044
566 2994
567 2942
568 2999
569 2981
570 2961
571 3076
572 3025
573 2977
574 3001
575 2930
576 3008
577 3077
578 3128
579 3019
580 3053
581 3085
582 3093
583 3173
584 3248
585 3118
586 3148
587 3274
588 3205
589 3229
590 3219
591 3128
592 3171
593 3167
594 3191
595 3128
596 3210
597 3249
598 3158
599 3207
600 3212
601 3341
602 3241
603 3245
604 3366
605 3598
606 3565
607 3750
608 3899
609 4248
610 5237
611 7320
612 9750
613 10736
614 10654
615 10586
616 9818
617 9112
618 7956
619 7686
620 7540
621 7048
622 6959
623 6827
624 6174
625 5701
626 5105
627 4489
628 3998
629 3796
630 3505
631 3423
632 3262
633 3122
634 3045
635 2955
636 2997
637 3035
638 2888
639 2873
640 2965
641 2925
642 2848
643 2898
644 2900
645 2796
646 2878
647 2993
648 2939
649 2939
650 2990
651 2854
652 2876
653 2900
654 2825
655 2851
656 2840
657 2949
658 2769
659 2836
660 2950
661 2880
662 2861
663 2873
664 2810
665 2751
666 2814
667 2795
668 2707
669 2785
670 2828
671 2793
672 2816
673 2882
674 2850
675 2860
676 2724
677 2787
678 2793
679 2815
680 2901
681 2753
682 2722
683 2785
684 2792
685 2779
686 2814
687 2849
688 2842
689 2735
690 2731
691 2699
692 2655
693 2687
694 2725
695 2703
696 2872
697 2693
698 2896
699 2690
700 2863
701 2765
702 2728
703 2739
704 2795
705 2743
706 2815
707 2783
708 2838
709 2794
710 2814
711 2846
712 2739
713 2759
714 2912
715 2839
716 2713
717 2762
718 2802
719 2798
720 2772
721 2960
722 2932
723 2940
724 2998
725 2972
726 3165
727 3131
728 3385
729 3558
730 3632
731 3871
732 3939
733 4083
734 4479
735 4534
736 4928
737 5139
738 5785
739 6140
740 6348
741 6850
742 6980
743 7458
744 7527
745 7581
746 7815
747 7822
748 8001
749 7785
750 7522
751 7169
752 6449
753 5564
754 4981
755 4239
756 4022
757 3653
758 3410
759 3226
760 3111
761 2947
762 2834
763 2951
764 2830
765 2829
766 2646
767 2726
768 2702
769 2792
770 2774
771 2808
772 2733
773 2723
774 2794
775 2758
776 2855
777 2801
778 2673
779 2635
780 2760
781 2790
782 2750
783 2821
784 2766
785 2686
786 2890
787 2780
788 2823
789 2746
790 2748
791 2762
792 2895
793 2759
794 2868
795 2787
796 2813
797 2805
798 2799
799 2722
800 2743
801 2812
802 2783
803 2674
804 2740
805 2663
806 2764
807 2702
808 2768
809 2650
810 2784
811 2731
812 2575
813 2680
814 2812
815 2615
816 2689
817 2566
818 2684
819 2695
820 2654
821 2684
822 2849
823 2697
824 2664
825 2670
826 2634
827 2560
828 2655
829 2659
830 2744
831 2686
832 2657
833 2653
834 2711
835 2732
836 2658
837 2660
838 2699
839 2769
840 2744
841 2725
842 2642
843 2701
844 2675
845 2755
846 2677
847 2658
848 2772
849 2822
850 2812
851 2821
852 2845
853 3096
854 3030
855 3198
856 3156
857 3271
858 3269
859 3535
860 3552
861 3621
862 3728
863 3500
864 3686
865 3665
866 4004
867 4184
868 4305
869 4497
870 4893
871 5171
872 5941
873 6658
874 7501
875 7809
876 8590
877 8960
878 8658
879 8397
880 8361
881 7831
882 7403
883 6624
884 6063
885 5321
886 4807
887 4232
888 3961
889 3472
890 3314
891 2986
892 3065
893 2894
894 2981
895 2776
896 2711
897 2797
898 2844
899 2677
900 2784
901 2737
902 2740
903 2698
904 2713
905 2653
906 2580
907 2645
908 2700
909 2643
910 2521
911 2619
912 2595
913 2709
914 2501
915 2658
916 2596
917 2712
918 2612
919 2643
920 2623
921 2588
922 2609
923 2570
924 2584
925 2603
926 2640
927 2596
928 2593
929 2552
930 2568
931 2653
932 2673
933 2677
934 2649
935 2589
936 2558
937 2563
938 2547
939 2508
940 2600
941 2481
942 2621
943 2564
944 2660
945 2548
946 2495
947 2495
948 2559
949 2426
950 2641
951 2613
952 2689
953 2502
954 2534
955 2670
956 2537
957 2552
958 2507
959 2635
960 2568
961 2675
962 2475
963 2646
964 2616
965 2657
966 2561
967 2693
968 2725
969 2701
970 2759
971 2706
972 2571
973 2630
974 2660
975 2773
976 2689
977 2728
978 2709
979 2747
980 2708
981 2736
982 2794
983 2782
984 2735
985 2780
986 2750
987 2816
988 2712
989 2821
990 2795
991 2730
992 2927
993 2856
994 2811
995 2768
996 2908
997 2881
998 3002
999 3267
1000 3155
1001 3305
1002 3392
1003 3702
1004 4018
1005 4547
1006 4780
1007 4926
1008 5298
1009 5483
1010 6249
1011 6380
1012 6411
1013 6823
1014 6931
1015 7028
1016 7852
1017 8098
1018 8641
1019 9401
1020 9676
1021 11477
1022 12400
1023 14658
1024 16398
1025 17643
1026 19362
1027 21440
1028 22491
1029 21542
1030 21592
1031 20610
1032 20075
1033 17707
1034 17085
1035 14258
1036 12247
1037 10111
1038 9431
1039 8138
1040 6806
1041 6388
1042 5648
1043 5394
1044 5082
1045 4864
1046 4906
1047 5041
1048 5564
1049 6078
1050 6895
1051 7471
1052 8112
1053 8323
1054 8956
1055 9136
1056 9681
1057 10079
1058 11104
1059 11085
1060 10975
1061 11585
1062 11643
1063 11745
1064 11637
1065 11073
1066 10686
1067 9971
1068 9098
1069 8282
1070 7504
1071 6888
1072 6008
1073 5526
1074 4916
1075 4495
1076 4090
1077 3866
1078 3608
1079 3487
1080 3242
1081 3105
1082 2983
1083 3005
1084 2836
1085 2924
1086 2880
1087 2849
1088 2742
1089 2746
1090 2689
1091 2778
1092 2723
1093 2802
1094 2694
1095 2646
1096 2624
1097 2635
1098 2590
1099 2609
1100 2553
1101 2526
1102 2538
1103 2539
1104 2618
1105 2629
1106 2639
1107 2602
1108 2508
1109 2563
1110 2679
1111 2613
1112 2540
1113 2662
1114 2681
1115 2599
1116 2559
1117 2478
1118 2535
1119 2525
1120 2536
1121 2520
1122 2459
1123 2455
1124 2378
1125 2573
1126 2490
1127 2444
1128 2480
1129 2345
1130 2315
1131 2430
1132 2524
1133 2529
1134 2322
1135 2403
1136 2363
1137 2326
1138 2380
1139 2410
1140 2382
1141 2419
1142 2440
1143 2400
1144 2427
1145 2509
1146 2424
1147 2350
1148 2420
1149 2344
1150 2238
1151 2337
1152 2429
1153 2392
1154 2537
1155 2417
1156 2477
1157 2503
1158 2414
1159 2365
1160 2498
1161 2452
1162 2479
1163 2492
1164 2517
1165 2428
1166 2430
1167 2478
1168 2351
1169 2411
1170 2394
1171 2361
1172 2338
1173 2441
1174 2362
1175 2291
1176 2339
1177 2425
1178 2403
1179 2336
1180 2308
1181 2364
1182 2324
1183 2333
1184 2327
1185 2272
1186 2305
1187 2344
1188 2302
1189 2437
1190 2402
1191 2321
1192 2243
1193 2314
1194 2229
1195 2306
1196 2235
1197 2385
1198 2188
1199 2311
1200 2267
1201 2219
1202 2283
1203 2269
1204 2219
1205 2384
1206 2237
1207 2274
1208 2238
1209 2275
1210 2300
1211 2260
1212 2292
1213 2125
1214 2232
1215 2286
1216 2246
1217 2338
1218 2275
1219 2359
1220 2243
1221 2270
1222 2315
1223 2313
1224 2265
1225 2307
1226 2316
1227 2310
1228 2253
1229 2202
1230 2222
1231 2191
1232 2198
1233 2282
1234 2181
1235 2259
1236 2301
1237 2286
1238 2271
1239 2351
1240 2309
1241 2300
1242 2146
1243 2218
1244 2198
1245 2163
1246 2181
1247 2208
1248 2104
1249 2155
1250 2187
1251 2106
1252 2124
1253 2093
1254 2125
1255 2240
1256 2136
1257 2108
1258 2138
1259 2183
1260 2201
1261 2285
1262 2130
1263 2154
1264 2093
1265 2170
1266 2146
1267 2179
1268 2138
1269 2035
1270 2198
1271 2184
1272 2086
1273 2089
1274 2136
1275 2024
1276 2016
1277 1844
1278 1715
1279 2261
