19.931 36.000
19.951 36.000
19.971 36.000
19.991 29.000
20.011 47.000
20.031 26.000
20.051 25.000
20.071 20.000
20.091 20.000
20.111 18.000
20.132 33.000
20.152 32.000
20.172 24.000
20.192 29.000
20.212 14.000
20.232 23.000
20.253 27.000
20.273 24.000
20.293 32.000
20.313 30.000
20.333 23.000
20.354 19.000
20.374 25.000
20.394 19.000
20.415 23.000
20.435 14.000
20.455 14.000
20.476 17.000
20.496 22.000
20.516 17.000
20.537 22.000
20.557 16.000
20.578 17.000
20.598 21.000
20.619 18.000
20.639 12.000
20.660 21.000
20.680 21.000
20.701 17.000
20.721 19.000
20.742 15.000
20.762 28.000
20.783 16.000
20.803 26.000
20.824 27.000
20.845 26.000
20.865 22.000
20.886 27.000
20.907 30.000
20.927 22.000
20.948 25.000
20.969 26.000
20.989 26.000
21.010 35.000
21.031 22.000
21.052 22.000
21.073 32.000
21.093 31.000
21.114 33.000
21.135 25.000
21.156 32.000
21.177 27.000
21.198 25.000
21.218 22.000
21.239 33.000
21.260 20.000
21.281 22.000
21.302 20.000
21.323 18.000
21.344 25.000
21.365 22.000
21.386 28.000
21.407 18.000
21.428 14.000
21.449 30.000
21.470 29.000
21.491 17.000
21.512 14.000
21.533 20.000
21.555 18.000
21.576 25.000
21.597 23.000
21.618 18.000
21.639 17.000
21.660 17.000
21.682 25.000
21.703 22.000
21.724 24.000
21.745 27.000
21.766 19.000
21.788 13.000
21.809 23.000
21.830 22.000
21.852 26.000
21.873 12.000
21.894 23.000
21.916 25.000
21.937 18.000
21.958 20.000
21.980 12.000
22.001 17.000
22.023 16.000
22.044 22.000
22.065 30.000
22.087 24.000
22.108 20.000
22.130 18.000
22.151 27.000
22.173 23.000
22.194 19.000
22.216 12.000
22.238 26.000
22.259 19.000
22.281 18.000
22.302 14.000
22.324 21.000
22.346 19.000
22.367 33.000
22.389 28.000
22.410 23.000
22.432 26.000
22.454 17.000
22.476 14.000
22.497 18.000
22.519 22.000
22.541 26.000
22.563 19.000
22.584 15.000
22.606 30.000
22.628 27.000
22.650 22.000
22.672 15.000
22.693 20.000
22.715 20.000
22.737 20.000
22.759 25.000
22.781 21.000
22.803 13.000
22.825 17.000
22.847 29.000
22.869 16.000
22.891 20.000
22.913 31.000
22.935 16.000
22.957 16.000
22.979 30.000
23.001 28.000
23.023 23.000
23.045 18.000
23.067 16.000
23.089 28.000
23.111 27.000
23.133 17.000
23.155 12.000
23.177 28.000
23.199 22.000
23.222 28.000
23.244 26.000
23.266 24.000
23.288 20.000
23.310 21.000
23.333 25.000
23.355 19.000
23.377 21.000
23.399 27.000
23.422 17.000
23.444 22.000
23.466 32.000
23.489 30.000
23.511 20.000
23.533 25.000
23.556 20.000
23.578 29.000
23.600 19.000
23.623 23.000
23.645 17.000
23.668 20.000
23.690 20.000
23.713 15.000
23.735 10.000
23.757 23.000
23.780 21.000
23.802 24.000
23.825 19.000
23.848 23.000
23.870 23.000
23.893 28.000
23.915 27.000
23.938 18.000
23.960 24.000
23.983 18.000
24.006 28.000
24.028 26.000
24.051 37.000
24.073 25.000
24.096 31.000
24.119 20.000
24.142 22.000
24.164 23.000
24.187 23.000
24.210 19.000
24.232 20.000
24.255 29.000
24.278 34.000
24.301 25.000
24.324 29.000
24.346 21.000
24.369 23.000
24.392 22.000
24.415 31.000
24.438 43.000
24.461 31.000
24.483 42.000
24.506 49.000
24.529 56.000
24.552 42.000
24.575 54.000
24.598 55.000
24.621 84.000
24.644 63.000
24.667 87.000
24.690 79.000
24.713 85.000
24.736 92.000
24.759 92.000
24.782 93.000
24.805 81.000
24.828 77.000
24.851 70.000
24.874 61.000
24.897 78.000
24.921 84.000
24.944 73.000
24.967 71.000
24.990 66.000
25.013 53.000
25.036 36.000
25.060 48.000
25.083 28.000
25.106 25.000
25.129 21.000
25.152 26.000
25.176 21.000
25.199 35.000
25.222 23.000
25.245 20.000
25.269 26.000
25.292 26.000
25.315 26.000
25.339 26.000
25.362 34.000
25.385 31.000
25.409 16.000
25.432 22.000
25.456 25.000
25.479 29.000
25.502 20.000
25.526 19.000
25.549 25.000
25.573 24.000
25.596 30.000
25.620 32.000
25.643 23.000
25.667 29.000
25.690 23.000
25.714 19.000
25.737 28.000
25.761 30.000
25.784 28.000
25.808 29.000
25.832 18.000
25.855 21.000
25.879 31.000
25.902 27.000
25.926 37.000
25.950 17.000
25.973 33.000
25.997 27.000
26.021 29.000
26.044 25.000
26.068 32.000
26.092 35.000
26.115 18.000
26.139 26.000
26.163 33.000
26.187 25.000
26.211 22.000
26.234 25.000
26.258 22.000
26.282 29.000
26.306 32.000
26.330 35.000
26.353 24.000
26.377 30.000
26.401 22.000
26.425 35.000
26.449 25.000
26.473 35.000
26.497 33.000
26.521 34.000
26.545 36.000
26.568 37.000
26.592 19.000
26.616 24.000
26.640 28.000
26.664 25.000
26.688 33.000
26.712 29.000
26.736 34.000
26.760 45.000
26.784 34.000
26.809 43.000
26.833 50.000
26.857 50.000
26.881 48.000
26.905 75.000
26.929 64.000
26.953 73.000
26.977 77.000
27.001 75.000
27.026 81.000
27.050 106.000
27.074 102.000
27.098 126.000
27.122 122.000
27.147 167.000
27.171 142.000
27.195 147.000
27.219 191.000
27.244 146.000
27.268 147.000
27.292 171.000
27.316 179.000
27.341 148.000
27.365 140.000
27.389 126.000
27.414 129.000
27.438 105.000
27.462 83.000
27.487 77.000
27.511 53.000
27.535 38.000
27.560 43.000
27.584 44.000
27.609 41.000
27.633 41.000
27.658 42.000
27.682 34.000
27.707 34.000
27.731 43.000
27.755 34.000
27.780 23.000
27.805 32.000
27.829 32.000
27.854 41.000
27.878 33.000
27.903 26.000
27.927 35.000
27.952 31.000
27.976 19.000
28.001 27.000
28.026 35.000
28.050 27.000
28.075 35.000
28.099 23.000
28.124 27.000
28.149 29.000
28.173 30.000
28.198 29.000
28.223 29.000
28.248 31.000
28.272 23.000
28.297 24.000
28.322 31.000
28.346 27.000
28.371 31.000
28.396 30.000
28.421 20.000
28.446 32.000
28.470 23.000
28.495 24.000
28.520 25.000
28.545 34.000
28.570 26.000
28.594 29.000
28.619 20.000
28.644 23.000
28.669 28.000
28.694 29.000
28.719 27.000
28.744 26.000
28.769 22.000
28.794 29.000
28.819 18.000
28.844 37.000
28.868 24.000
28.893 26.000
28.918 24.000
28.943 36.000
28.968 31.000
28.993 30.000
29.018 25.000
29.044 29.000
29.069 30.000
29.094 23.000
29.119 24.000
29.144 23.000
29.169 34.000
29.194 23.000
29.219 28.000
29.244 29.000
29.269 25.000
29.294 31.000
29.320 35.000
29.345 29.000
29.370 23.000
29.395 30.000
29.420 34.000
29.445 24.000
29.471 27.000
29.496 19.000
29.521 33.000
29.546 26.000
29.572 26.000
29.597 26.000
29.622 34.000
29.647 17.000
29.673 39.000
29.698 28.000
29.723 31.000
29.749 28.000
29.774 41.000
29.799 24.000
29.825 19.000
29.850 29.000
29.875 30.000
29.901 35.000
29.926 37.000
29.951 30.000
29.977 38.000
30.002 33.000
30.028 33.000
30.053 24.000
30.078 27.000
30.104 17.000
30.129 23.000
30.155 23.000
30.180 28.000
30.206 28.000
30.231 29.000
30.257 28.000
30.282 26.000
30.308 35.000
30.333 33.000
30.359 24.000
30.385 29.000
30.410 34.000
30.436 22.000
30.461 29.000
30.487 30.000
30.512 24.000
30.538 15.000
30.564 24.000
30.589 30.000
30.615 30.000
30.641 42.000
30.666 25.000
30.692 34.000
30.718 47.000
30.743 39.000
30.769 31.000
30.795 30.000
30.820 35.000
30.846 29.000
30.872 31.000
30.898 27.000
30.923 31.000
30.949 24.000
30.975 31.000
31.001 23.000
31.026 28.000
31.052 29.000
31.078 33.000
31.104 26.000
31.130 24.000
31.156 35.000
31.181 28.000
31.207 33.000
31.233 27.000
31.259 26.000
31.285 25.000
31.311 37.000
31.337 32.000
31.363 31.000
31.388 20.000
31.414 32.000
31.440 26.000
31.466 23.000
31.492 21.000
31.518 19.000
31.544 27.000
31.570 25.000
31.596 22.000
31.622 25.000
31.648 31.000
31.674 24.000
31.700 21.000
31.726 12.000
31.752 28.000
31.778 35.000
31.804 28.000
31.830 27.000
31.857 20.000
31.883 29.000
31.909 21.000
31.935 37.000
31.961 31.000
31.987 31.000
32.013 16.000
32.039 31.000
32.065 25.000
32.092 27.000
32.118 32.000
32.144 27.000
32.170 39.000
32.196 28.000
32.223 21.000
32.249 32.000
32.275 30.000
32.301 27.000
32.327 32.000
32.354 30.000
32.380 36.000
32.406 32.000
32.432 37.000
32.459 32.000
32.485 33.000
32.511 34.000
32.538 35.000
32.564 30.000
32.590 28.000
32.617 27.000
32.643 37.000
32.669 35.000
32.696 48.000
32.722 35.000
32.748 35.000
32.775 33.000
32.801 43.000
32.827 50.000
32.854 37.000
32.880 51.000
32.907 58.000
32.933 54.000
32.960 61.000
32.986 49.000
33.012 76.000
33.039 64.000
33.065 50.000
33.092 57.000
33.118 68.000
33.145 60.000
33.171 47.000
33.198 59.000
33.224 56.000
33.251 42.000
33.277 53.000
33.304 38.000
33.331 41.000
33.357 38.000
33.384 47.000
33.410 38.000
33.437 41.000
33.463 39.000
33.490 47.000
33.517 41.000
33.543 47.000
33.570 45.000
33.597 55.000
33.623 61.000
33.650 64.000
33.676 67.000
33.703 76.000
33.730 94.000
33.757 93.000
33.783 134.000
33.810 158.000
33.837 197.000
33.863 221.000
33.890 228.000
33.917 324.000
33.943 326.000
33.970 383.000
33.997 490.000
34.024 457.000
34.051 558.000
34.077 513.000
34.104 627.000
34.131 529.000
34.158 615.000
34.184 539.000
34.211 483.000
34.238 470.000
34.265 395.000
34.292 333.000
34.319 276.000
34.345 235.000
34.372 166.000
34.399 163.000
34.426 114.000
34.453 94.000
34.480 102.000
34.507 77.000
34.534 78.000
34.561 53.000
34.587 44.000
34.614 48.000
34.641 48.000
34.668 43.000
34.695 52.000
34.722 41.000
34.749 43.000
34.776 39.000
34.803 34.000
34.830 42.000
34.857 42.000
34.884 39.000
34.911 36.000
34.938 33.000
34.965 38.000
34.992 35.000
35.019 42.000
35.046 28.000
35.073 34.000
35.100 43.000
35.127 31.000
35.155 24.000
35.182 22.000
35.209 47.000
35.236 35.000
35.263 37.000
35.290 40.000
35.317 33.000
35.344 33.000
35.371 33.000
35.399 32.000
35.426 32.000
35.453 38.000
35.480 29.000
35.507 36.000
35.534 37.000
35.562 44.000
35.589 38.000
35.616 25.000
35.643 34.000
35.670 37.000
35.698 26.000
35.725 35.000
35.752 27.000
35.779 34.000
35.807 32.000
35.834 43.000
35.861 44.000
35.888 35.000
35.916 34.000
35.943 35.000
35.970 38.000
35.997 31.000
36.025 52.000
36.052 32.000
36.079 37.000
36.107 41.000
36.134 45.000
36.161 30.000
36.189 37.000
36.216 30.000
36.243 42.000
36.271 48.000
36.298 38.000
36.326 28.000
36.353 28.000
36.380 38.000
36.408 30.000
36.435 32.000
36.463 36.000
36.490 30.000
36.517 24.000
36.545 29.000
36.572 27.000
36.600 24.000
36.627 35.000
36.655 29.000
36.682 24.000
36.710 26.000
36.737 33.000
36.765 25.000
36.792 32.000
36.820 30.000
36.847 29.000
36.875 16.000
36.902 27.000
36.930 23.000
36.957 26.000
36.985 34.000
37.012 37.000
37.040 26.000
37.067 42.000
37.095 22.000
37.122 24.000
37.150 29.000
37.178 28.000
37.205 29.000
37.233 35.000
37.260 27.000
37.288 24.000
37.316 24.000
37.343 29.000
37.371 31.000
37.399 29.000
37.426 26.000
37.454 25.000
37.481 36.000
37.509 24.000
37.537 31.000
37.564 27.000
37.592 28.000
37.620 31.000
37.648 26.000
37.675 36.000
37.703 28.000
37.731 19.000
37.758 29.000
37.786 35.000
37.814 29.000
37.842 28.000
37.869 33.000
37.897 22.000
37.925 37.000
37.953 28.000
37.980 21.000
38.008 34.000
38.036 25.000
38.064 28.000
38.091 24.000
38.119 38.000
38.147 28.000
38.175 46.000
38.203 33.000
38.230 32.000
38.258 30.000
38.286 25.000
38.314 31.000
38.342 34.000
38.370 24.000
38.397 41.000
38.425 28.000
38.453 27.000
38.481 31.000
38.509 24.000
38.537 22.000
38.565 22.000
38.593 36.000
38.620 26.000
38.648 32.000
38.676 33.000
38.704 29.000
38.732 38.000
38.760 27.000
38.788 22.000
38.816 31.000
38.844 33.000
38.872 25.000
38.900 42.000
38.928 29.000
38.956 27.000
38.984 21.000
39.012 29.000
39.040 30.000
39.068 26.000
39.096 29.000
39.124 34.000
39.152 29.000
39.180 29.000
39.208 30.000
39.236 19.000
39.264 28.000
39.292 33.000
39.320 32.000
39.348 28.000
39.376 24.000
39.404 27.000
39.432 32.000
39.460 24.000
39.488 31.000
39.516 26.000
39.544 31.000
39.572 32.000
39.600 22.000
39.629 29.000
39.657 35.000
39.685 28.000
39.713 27.000
39.741 27.000
39.769 29.000
39.797 31.000
39.825 26.000
39.854 36.000
39.882 32.000
39.910 32.000
39.938 26.000
39.966 36.000
39.994 24.000
40.023 39.000
40.051 36.000
40.079 31.000
40.107 26.000
40.135 25.000
40.163 44.000
40.192 26.000
40.220 38.000
40.248 32.000
40.276 32.000
40.304 29.000
40.333 48.000
40.361 45.000
40.389 52.000
40.417 43.000
40.446 54.000
40.474 41.000
40.502 52.000
40.530 50.000
40.559 57.000
40.587 49.000
40.615 62.000
40.644 37.000
40.672 37.000
40.700 43.000
40.728 41.000
40.757 29.000
40.785 26.000
40.813 34.000
40.842 25.000
40.870 29.000
40.898 31.000
40.927 22.000
40.955 39.000
40.983 24.000
41.012 26.000
41.040 33.000
41.068 22.000
41.097 30.000
41.125 35.000
41.153 27.000
41.182 28.000
41.210 25.000
41.239 31.000
41.267 34.000
41.295 21.000
41.324 27.000
41.352 24.000
41.381 24.000
41.409 29.000
41.437 29.000
41.466 29.000
41.494 30.000
41.523 20.000
41.551 27.000
41.580 33.000
41.608 41.000
41.636 33.000
41.665 27.000
41.693 28.000
41.722 33.000
41.750 36.000
41.779 31.000
41.807 31.000
41.836 39.000
41.864 20.000
41.893 34.000
41.921 30.000
41.950 32.000
41.978 43.000
42.007 28.000
42.035 38.000
42.064 35.000
42.092 28.000
42.121 33.000
42.149 35.000
42.178 46.000
42.206 33.000
42.235 26.000
42.263 29.000
42.292 26.000
42.320 26.000
42.349 29.000
42.377 35.000
42.406 30.000
42.435 35.000
42.463 43.000
42.492 45.000
42.520 39.000
42.549 45.000
42.577 47.000
42.606 56.000
42.635 54.000
42.663 75.000
42.692 52.000
42.720 81.000
42.749 67.000
42.778 77.000
42.806 79.000
42.835 83.000
42.864 99.000
42.892 113.000
42.921 104.000
42.949 132.000
42.978 168.000
43.007 141.000
43.035 165.000
43.064 160.000
43.093 170.000
43.121 175.000
43.150 177.000
43.179 127.000
43.207 131.000
43.236 128.000
43.265 116.000
43.293 112.000
43.322 100.000
43.351 91.000
43.379 72.000
43.408 81.000
43.437 58.000
43.466 53.000
43.494 50.000
43.523 50.000
43.552 46.000
43.580 48.000
43.609 40.000
43.638 57.000
43.667 54.000
43.695 58.000
43.724 41.000
43.753 40.000
43.782 37.000
43.810 50.000
43.839 43.000
43.868 45.000
43.897 44.000
43.925 48.000
43.954 50.000
43.983 38.000
44.012 38.000
44.040 47.000
44.069 57.000
44.098 54.000
44.127 53.000
44.156 69.000
44.184 69.000
44.213 52.000
44.242 65.000
44.271 49.000
44.299 57.000
44.328 48.000
44.357 44.000
44.386 55.000
44.415 57.000
44.444 57.000
44.472 39.000
44.501 50.000
44.530 39.000
44.559 29.000
44.588 36.000
44.617 41.000
44.645 31.000
44.674 33.000
44.703 38.000
44.732 54.000
44.761 37.000
44.790 36.000
44.819 38.000
44.847 34.000
44.876 45.000
44.905 35.000
44.934 36.000
44.963 38.000
44.992 49.000
45.021 28.000
45.050 28.000
45.078 30.000
45.107 40.000
45.136 36.000
45.165 31.000
45.194 33.000
45.223 29.000
45.252 42.000
45.281 31.000
45.310 28.000
45.339 30.000
45.367 39.000
45.396 38.000
45.425 33.000
45.454 17.000
45.483 34.000
45.512 27.000
45.541 38.000
45.570 33.000
45.599 28.000
45.628 31.000
45.657 30.000
45.686 38.000
45.715 35.000
45.744 42.000
45.773 36.000
45.802 35.000
45.831 42.000
45.860 29.000
45.889 39.000
45.917 46.000
45.946 36.000
45.975 27.000
46.004 43.000
46.033 38.000
46.062 38.000
46.091 33.000
46.120 39.000
46.149 36.000
46.178 34.000
46.207 39.000
46.236 38.000
46.265 39.000
46.294 54.000
46.323 51.000
46.352 31.000
46.381 50.000
46.410 37.000
46.439 37.000
46.468 46.000
46.497 39.000
46.526 35.000
46.555 45.000
46.585 41.000
46.614 38.000
46.643 36.000
46.672 44.000
46.701 38.000
46.730 44.000
46.759 39.000
46.788 51.000
46.817 40.000
46.846 39.000
46.875 28.000
46.904 29.000
46.933 33.000
46.962 44.000
46.991 35.000
47.020 42.000
47.049 44.000
47.078 42.000
47.107 31.000
47.136 32.000
47.166 35.000
47.195 37.000
47.224 32.000
47.253 40.000
47.282 30.000
47.311 37.000
47.340 40.000
47.369 27.000
47.398 24.000
47.427 31.000
47.456 30.000
47.485 32.000
47.515 23.000
47.544 22.000
47.573 38.000
47.602 25.000
47.631 28.000
47.660 32.000
47.689 41.000
47.718 29.000
47.747 27.000
47.777 29.000
47.806 31.000
47.835 39.000
47.864 28.000
47.893 39.000
47.922 31.000
47.951 28.000
47.980 39.000
48.009 31.000
48.039 36.000
48.068 55.000
48.097 41.000
48.126 38.000
48.155 45.000
48.184 50.000
48.213 49.000
48.243 52.000
48.272 58.000
48.301 53.000
48.330 61.000
48.359 41.000
48.388 48.000
48.417 32.000
48.447 56.000
48.476 48.000
48.505 56.000
48.534 43.000
48.563 46.000
48.592 45.000
48.622 60.000
48.651 53.000
48.680 51.000
48.709 46.000
48.738 54.000
48.767 64.000
48.797 79.000
48.826 83.000
48.855 72.000
48.884 100.000
48.913 98.000
48.942 93.000
48.972 117.000
49.001 121.000
49.030 130.000
49.059 102.000
49.088 101.000
49.118 94.000
49.147 109.000
49.176 129.000
49.205 105.000
49.234 90.000
49.263 89.000
49.293 81.000
49.322 74.000
49.351 73.000
49.380 57.000
49.409 53.000
49.439 60.000
49.468 50.000
49.497 55.000
49.526 40.000
49.555 32.000
49.585 50.000
49.614 31.000
49.643 48.000
49.672 42.000
49.701 29.000
49.731 42.000
49.760 41.000
49.789 27.000
49.818 25.000
49.848 41.000
49.877 24.000
49.906 31.000
49.935 33.000
49.964 25.000
49.994 32.000
50.023 32.000
50.052 34.000
50.081 35.000
50.110 39.000
50.140 29.000
50.169 23.000
50.198 40.000
50.227 22.000
50.257 24.000
50.286 35.000
50.315 37.000
50.344 27.000
50.374 47.000
50.403 36.000
50.432 35.000
50.461 31.000
50.490 39.000
50.520 26.000
50.549 29.000
50.578 28.000
50.607 34.000
50.637 32.000
50.666 23.000
50.695 37.000
50.724 40.000
50.754 28.000
50.783 27.000
50.812 32.000
50.841 22.000
50.870 34.000
50.900 34.000
50.929 27.000
50.958 29.000
50.987 34.000
51.017 30.000
51.046 38.000
51.075 32.000
51.104 31.000
51.134 30.000
51.163 39.000
51.192 28.000
51.221 27.000
51.251 26.000
51.280 42.000
51.309 23.000
51.338 21.000
51.368 33.000
51.397 27.000
51.426 39.000
51.455 32.000
51.485 27.000
51.514 37.000
51.543 36.000
51.572 28.000
51.602 22.000
51.631 26.000
51.660 27.000
51.689 24.000
51.719 34.000
51.748 28.000
51.777 20.000
51.806 38.000
51.836 32.000
51.865 37.000
51.894 37.000
51.923 23.000
51.953 30.000
51.982 31.000
52.011 46.000
52.040 47.000
52.070 40.000
52.099 41.000
52.128 35.000
52.157 25.000
52.187 39.000
52.216 20.000
52.245 26.000
52.274 32.000
52.304 31.000
52.333 34.000
52.362 29.000
52.391 24.000
52.421 29.000
52.450 36.000
52.479 35.000
52.508 31.000
52.538 49.000
52.567 31.000
52.596 39.000
52.625 26.000
52.655 36.000
52.684 19.000
52.713 29.000
52.742 37.000
52.772 30.000
52.801 21.000
52.830 39.000
52.859 26.000
52.889 24.000
52.918 28.000
52.947 37.000
52.976 41.000
53.006 26.000
53.035 34.000
53.064 17.000
53.093 29.000
53.123 27.000
53.152 33.000
53.181 29.000
53.210 29.000
53.240 28.000
53.269 26.000
53.298 34.000
53.327 27.000
53.357 40.000
53.386 32.000
53.415 37.000
53.444 34.000
53.473 30.000
53.503 40.000
53.532 28.000
