37.250
37.750
38.250
36.750
39.250
34.500
41.000
30.250
24.250
20.750
21.000
24.250
25.750
22.500
22.000
22.250
24.750
25.750
27.750
19.000
24.500
24.250
23.250
19.000
22.250
24.500
25.250
19.000
27.500
23.250
23.000
22.000
20.500
22.500
24.250
18.250
20.500
25.000
17.250
25.500
23.500
22.500
20.000
24.000
23.750
22.000
25.000
22.000
20.500
20.500
19.000
29.250
28.000
27.000
30.500
33.000
32.000
38.750
32.500
31.750
30.750
26.250
33.000
28.750
29.000
25.000
29.250
29.750
28.000
24.750
25.750
25.000
22.500
24.000
21.750
27.250
20.750
19.000
19.500
20.000
23.000
22.500
24.500
22.250
23.250
25.000
21.000
23.000
18.500
20.750
20.750
21.500
19.000
21.000
17.750
20.250
21.500
23.000
19.250
20.250
18.500
23.500
20.500
22.250
22.750
20.000
21.000
20.000
20.750
20.750
19.250
23.750
23.000
21.500
25.000
22.500
26.250
20.000
18.750
20.750
21.500
23.000
22.250
17.750
23.500
19.000
22.250
20.500
19.500
21.500
26.000
21.500
23.500
23.500
25.750
21.750
23.000
25.750
21.500
17.500
20.750
21.500
22.500
21.250
23.250
19.500
19.750
26.750
22.500
22.000
20.500
23.000
22.250
27.750
21.250
23.000
21.250
24.250
20.500
26.750
23.000
24.250
26.250
24.250
28.750
18.250
22.750
31.250
20.750
22.250
24.000
21.000
27.500
26.000
21.750
22.750
19.750
26.000
19.750
25.500
28.500
22.250
24.500
22.750
26.250
24.500
26.500
30.750
21.750
22.750
23.500
29.000
27.250
25.500
24.250
25.750
24.500
23.500
27.250
27.500
24.000
28.250
20.500
21.750
29.000
31.250
28.500
29.750
28.750
31.500
38.500
32.000
42.000
47.250
42.250
44.250
53.500
50.500
66.500
68.000
68.500
68.500
73.750
74.500
76.750
85.000
83.500
81.250
75.500
78.500
75.500
71.750
59.750
57.500
62.250
47.750
49.250
40.000
34.750
31.500
27.500
28.500
28.500
29.500
21.750
24.500
24.750
32.750
25.250
25.000
25.750
28.250
27.250
30.500
26.500
27.250
29.250
28.250
30.000
23.500
23.500
21.750
27.500
28.750
25.750
27.750
26.750
27.750
29.250
26.500
27.000
23.250
26.750
29.500
29.750
25.500
29.500
25.000
27.000
32.250
29.750
31.000
28.000
26.000
29.000
29.500
30.250
26.250
26.500
32.500
29.000
27.000
33.250
31.750
29.000
31.250
33.750
31.250
35.250
28.750
32.000
30.000
32.750
35.500
33.250
38.250
36.500
33.750
32.500
41.750
42.500
46.750
43.000
47.250
56.500
63.500
62.250
69.250
74.500
84.000
88.750
90.250
108.000
114.000
137.750
131.750
141.250
148.500
150.250
162.500
167.250
148.500
137.750
140.500
142.750
119.750
120.500
106.000
87.250
72.750
58.000
53.250
49.500
40.500
39.750
36.000
39.000
35.750
31.500
37.750
32.250
32.000
36.250
35.250
34.500
38.250
33.250
35.000
30.750
31.250
35.500
34.000
31.250
31.500
34.000
33.750
27.000
31.750
33.750
30.000
30.000
34.000
30.500
28.000
33.250
29.250
28.500
29.500
27.250
27.750
27.500
26.250
26.250
26.500
32.250
24.500
26.250
28.500
29.250
26.750
25.000
31.250
26.750
29.000
32.500
31.000
29.750
29.250
30.500
32.000
26.000
25.750
29.250
28.500
26.500
29.000
27.000
35.750
34.500
25.250
28.500
30.750
29.250
28.500
32.750
33.250
32.250
28.750
29.250
31.250
32.000
28.750
36.250
29.500
33.000
32.500
25.750
32.250
29.750
29.500
33.500
32.250
34.000
30.500
31.250
34.750
31.250
37.250
31.000
31.250
31.250
34.000
29.750
31.500
28.000
31.500
29.000
26.500
32.250
29.750
29.500
24.000
27.250
33.250
28.500
29.250
29.250
32.000
25.250
33.500
32.250
29.500
32.750
29.250
33.250
31.500
35.500
36.500
35.750
30.250
31.250
35.500
36.500
27.750
30.750
27.750
30.000
30.500
27.750
27.500
31.750
33.250
27.000
33.750
30.500
32.250
26.500
24.500
24.250
29.500
27.750
24.750
28.750
31.750
29.000
31.250
29.250
27.500
26.750
27.750
28.000
28.250
22.000
26.000
27.750
33.000
28.000
30.250
28.750
29.500
30.250
25.000
29.250
27.750
29.250
26.750
28.000
34.750
31.000
35.250
32.000
32.750
28.500
29.750
28.750
30.250
32.000
26.000
31.250
32.250
33.000
29.250
27.500
31.750
31.250
32.250
34.750
34.500
32.250
36.000
37.500
37.500
40.000
34.250
39.000
41.250
43.750
36.750
41.750
44.750
51.000
53.750
58.000
53.750
51.500
64.500
60.750
63.750
56.750
61.500
62.500
54.000
48.000
54.250
47.250
48.250
45.000
46.000
45.000
44.750
38.750
38.000
37.500
40.500
38.000
45.250
46.500
51.500
48.000
62.500
72.750
71.500
83.750
95.000
116.250
137.500
167.000
192.500
222.500
255.250
307.250
340.000
379.750
383.000
437.750
475.250
501.250
520.250
504.500
475.000
469.250
462.750
382.250
341.000
312.750
252.500
209.250
168.250
140.500
106.250
102.750
73.750
59.750
57.000
56.250
49.000
53.750
46.750
42.750
41.000
37.250
41.250
37.750
37.750
39.250
37.750
37.750
35.500
43.500
35.500
40.250
35.750
30.000
29.750
28.250
29.000
26.250
33.000
35.250
33.000
29.500
33.250
36.000
33.500
30.000
33.000
32.250
30.500
34.250
38.250
32.250
28.750
32.500
35.250
33.750
31.250
31.500
30.250
39.000
32.500
38.500
31.250
31.750
35.250
42.500
33.500
37.500
39.750
41.750
36.750
37.500
39.250
44.000
38.750
50.500
40.000
38.500
41.250
38.750
36.250
40.250
35.250
38.500
36.250
34.750
36.000
35.750
31.250
25.500
34.000
30.500
35.000
34.250
30.250
29.500
30.750
29.250
27.500
31.750
25.250
31.250
28.000
30.250
26.750
29.500
25.000
29.000
24.500
23.500
31.000
33.000
28.250
26.750
27.500
26.000
32.500
33.750
31.000
26.250
25.500
29.000
27.000
32.000
27.750
28.250
27.750
33.750
26.750
28.500
30.500
27.000
30.750
23.750
28.750
30.250
27.000
28.250
28.250
32.000
24.750
26.250
23.000
31.500
30.500
26.500
29.000
26.750
29.750
31.750
27.500
22.750
24.750
26.000
27.250
28.500
22.750
28.000
27.000
26.000
28.250
26.250
28.250
30.000
27.250
25.250
29.250
31.250
25.750
29.500
26.500
27.250
36.000
24.500
32.000
28.000
28.250
29.500
25.250
27.750
25.750
31.000
28.250
33.500
31.250
28.750
29.500
27.750
27.750
29.750
32.250
31.250
26.750
22.250
26.750
26.000
27.000
25.500
23.000
26.250
28.750
34.000
38.000
27.750
33.500
33.750
30.000
27.500
30.500
30.500
28.500
31.000
32.000
34.500
38.250
34.500
31.750
33.000
34.750
38.000
40.750
41.000
43.750
42.000
48.500
43.750
51.500
45.500
45.750
45.250
46.000
46.250
50.750
44.250
46.000
45.250
40.250
36.500
37.000
35.750
33.500
33.000
35.250
28.250
28.000
27.750
27.250
26.750
30.000
32.250
29.500
28.250
34.500
28.250
27.000
29.000
28.750
32.250
32.250
30.250
36.250
32.250
33.000
31.250
32.000
29.250
28.250
34.500
34.500
33.750
28.500
28.750
36.750
34.000
30.500
31.750
30.500
36.500
28.250
35.500
34.250
30.250
39.000
26.750
32.000
32.500
33.250
33.250
37.250
30.500
38.250
39.000
31.750
28.250
39.000
35.250
40.250
40.750
42.250
44.750
47.250
48.250
51.000
53.000
60.500
51.250
56.000
62.750
74.250
72.000
80.250
87.500
99.250
109.250
112.500
109.500
122.250
129.500
147.500
141.500
147.750
151.750
149.000
151.750
136.500
130.250
124.000
114.500
110.750
98.000
81.750
74.750
71.750
59.250
58.500
49.750
48.750
42.750
48.250
50.750
46.750
38.750
48.250
40.500
46.250
43.750
39.250
44.000
47.000
47.750
47.500
46.750
48.500
53.250
53.500
62.750
50.000
54.000
62.500
56.000
57.000
67.500
54.750
55.750
54.750
53.250
53.500
48.250
50.500
51.750
47.500
40.750
49.500
45.500
41.750
39.750
35.250
40.750
36.250
38.250
34.000
40.500
39.250
33.000
34.000
32.000
35.750
32.250
36.250
34.750
41.250
36.500
31.000
31.250
35.000
35.500
32.250
40.750
34.000
36.250
32.500
34.000
32.500
32.500
32.000
30.750
33.500
34.250
42.000
40.750
35.750
39.750
36.500
40.500
34.500
36.750
41.250
39.500
38.000
44.750
42.750
42.250
36.250
38.500
38.250
43.000
44.000
47.750
34.500
36.500
43.000
40.250
44.000
38.000
34.250
35.750
31.250
47.750
39.250
39.500
42.000
42.000
51.000
47.250
43.250
45.500
48.750
46.000
43.500
40.250
41.250
41.000
37.500
41.250
37.000
37.500
35.000
38.750
37.750
39.000
35.250
35.000
33.000
38.250
28.500
33.750
31.000
36.500
38.750
35.500
37.500
36.250
35.000
38.500
34.000
30.750
39.000
39.250
33.750
34.500
32.000
33.500
36.750
35.000
40.750
40.750
37.500
35.250
44.000
41.250
36.750
43.750
50.500
41.250
47.250
52.250
47.500
46.500
49.500
55.250
49.250
52.500
51.000
59.250
52.750
57.000
52.000
54.250
52.750
54.500
44.250
51.500
54.250
53.750
60.000
58.250
64.750
64.250
63.500
71.500
78.000
83.500
87.750
101.000
110.250
101.250
102.000
106.750
106.000
102.750
95.750
84.750
107.250
82.500
79.750
69.500
74.500
63.250
56.500
57.000
50.250
50.250
49.250
42.500
36.750
38.750
34.250
39.000
34.500
40.000
36.500
34.750
32.250
29.250
36.500
35.750
27.500
30.000
30.750
28.250
29.000
34.500
34.500
34.000
30.250
31.250
35.500
31.750
38.750
30.250
37.500
33.250
30.500
34.000
31.250
32.250
31.500
33.500
31.750
33.500
30.000
34.750
31.000
28.250
36.750
31.750
29.250
30.500
33.750
31.750
31.000
33.750
35.000
30.250
25.750
36.500
36.750
30.750
30.250
38.750
33.250
32.750
27.000
35.250
30.000
31.750
32.750
29.500
28.250
26.500
33.500
32.250
34.500
31.000
32.500
26.250
30.500
30.500
31.500
34.000
32.250
35.250
25.250
38.500
31.500
36.500
33.500
34.750
36.250
26.500
35.500
34.500
37.500
34.000
35.000
33.000
29.250
35.250
37.000
34.750
32.750
31.500
28.750
35.250
33.250
28.500
33.500
36.500
35.500
34.500
30.250
34.500
31.750
34.750
32.250
31.000
36.750
32.750
35.500
29.750
30.500
30.750
30.000
30.500
34.000
31.000
37.750
36.500
29.000
31.500
34.750
30.750
33.250
34.000
34.500
33.250
36.000
32.750
34.000
33.750
30.750
