19.931 36.000
19.951 43.000
19.971 47.000
19.991 45.000
20.011 60.000
20.031 37.000
20.051 27.000
20.071 26.000
20.091 22.000
20.111 36.000
20.132 43.000
20.152 38.000
20.172 36.000
20.192 26.000
20.212 30.000
20.232 29.000
20.253 35.000
20.273 29.000
20.293 24.000
20.313 28.000
20.333 32.000
20.354 32.000
20.374 30.000
20.394 23.000
20.415 15.000
20.435 17.000
20.455 25.000
20.476 22.000
20.496 25.000
20.516 17.000
20.537 24.000
20.557 25.000
20.578 25.000
20.598 22.000
20.619 27.000
20.639 20.000
20.660 25.000
20.680 32.000
20.701 29.000
20.721 23.000
20.742 29.000
20.762 29.000
20.783 25.000
20.803 31.000
20.824 26.000
20.845 32.000
20.865 36.000
20.886 29.000
20.907 38.000
20.927 35.000
20.948 37.000
20.969 35.000
20.989 37.000
21.010 35.000
21.031 39.000
21.052 40.000
21.073 35.000
21.093 52.000
21.114 44.000
21.135 37.000
21.156 38.000
21.177 37.000
21.198 46.000
21.218 39.000
21.239 44.000
21.260 30.000
21.281 32.000
21.302 33.000
21.323 39.000
21.344 44.000
21.365 25.000
21.386 32.000
21.407 32.000
21.428 20.000
21.449 30.000
21.470 25.000
21.491 25.000
21.512 21.000
21.533 26.000
21.555 18.000
21.576 28.000
21.597 24.000
21.618 24.000
21.639 27.000
21.660 30.000
21.682 23.000
21.703 27.000
21.724 30.000
21.745 33.000
21.766 33.000
21.788 18.000
21.809 28.000
21.830 24.000
21.852 33.000
21.873 29.000
21.894 21.000
21.916 35.000
21.937 24.000
21.958 23.000
21.980 23.000
22.001 23.000
22.023 36.000
22.044 22.000
22.065 20.000
22.087 23.000
22.108 19.000
22.130 26.000
22.151 22.000
22.173 28.000
22.194 31.000
22.216 26.000
22.238 35.000
22.259 25.000
22.281 24.000
22.302 28.000
22.324 26.000
22.346 36.000
22.367 23.000
22.389 22.000
22.410 28.000
22.432 35.000
22.454 29.000
22.476 20.000
22.497 27.000
22.519 30.000
22.541 37.000
22.563 28.000
22.584 16.000
22.606 24.000
22.628 23.000
22.650 30.000
22.672 29.000
22.693 24.000
22.715 23.000
22.737 37.000
22.759 27.000
22.781 28.000
22.803 19.000
22.825 30.000
22.847 20.000
22.869 30.000
22.891 23.000
22.913 23.000
22.935 23.000
22.957 27.000
22.979 35.000
23.001 34.000
23.023 25.000
23.045 20.000
23.067 29.000
23.089 23.000
23.111 24.000
23.133 28.000
23.155 34.000
23.177 28.000
23.199 28.000
23.222 27.000
23.244 33.000
23.266 19.000
23.288 32.000
23.310 34.000
23.333 27.000
23.355 25.000
23.377 29.000
23.399 26.000
23.422 25.000
23.444 34.000
23.466 15.000
23.489 35.000
23.511 25.000
23.533 36.000
23.556 29.000
23.578 32.000
23.600 24.000
23.623 26.000
23.645 21.000
23.668 30.000
23.690 35.000
23.713 25.000
23.735 35.000
23.757 33.000
23.780 22.000
23.802 32.000
23.825 33.000
23.848 36.000
23.870 27.000
23.893 32.000
23.915 21.000
23.938 31.000
23.960 28.000
23.983 22.000
24.006 27.000
24.028 25.000
24.051 29.000
24.073 29.000
24.096 22.000
24.119 21.000
24.142 27.000
24.164 33.000
24.187 26.000
24.210 32.000
24.232 34.000
24.255 21.000
24.278 30.000
24.301 37.000
24.324 29.000
24.346 46.000
24.369 37.000
24.392 40.000
24.415 44.000
24.438 43.000
24.461 49.000
24.483 58.000
24.506 49.000
24.529 52.000
24.552 60.000
24.575 69.000
24.598 61.000
24.621 88.000
24.644 102.000
24.667 94.000
24.690 94.000
24.713 88.000
24.736 105.000
24.759 100.000
24.782 95.000
24.805 91.000
24.828 101.000
24.851 97.000
24.874 95.000
24.897 103.000
24.921 74.000
24.944 90.000
24.967 65.000
24.990 60.000
25.013 52.000
25.036 64.000
25.060 51.000
25.083 28.000
25.106 30.000
25.129 34.000
25.152 27.000
25.176 34.000
25.199 38.000
25.222 26.000
25.245 34.000
25.269 29.000
25.292 28.000
25.315 27.000
25.339 26.000
25.362 22.000
25.385 21.000
25.409 26.000
25.432 27.000
25.456 33.000
25.479 34.000
25.502 29.000
25.526 23.000
25.549 24.000
25.573 44.000
25.596 32.000
25.620 36.000
25.643 26.000
25.667 27.000
25.690 35.000
25.714 32.000
25.737 30.000
25.761 33.000
25.784 31.000
25.808 37.000
25.832 24.000
25.855 32.000
25.879 33.000
25.902 32.000
25.926 30.000
25.950 32.000
25.973 18.000
25.997 40.000
26.021 35.000
26.044 24.000
26.068 32.000
26.092 25.000
26.115 15.000
26.139 27.000
26.163 35.000
26.187 31.000
26.211 28.000
26.234 38.000
26.258 34.000
26.282 41.000
26.306 34.000
26.330 26.000
26.353 30.000
26.377 30.000
26.401 42.000
26.425 41.000
26.449 43.000
26.473 42.000
26.497 36.000
26.521 43.000
26.545 31.000
26.568 43.000
26.592 37.000
26.616 35.000
26.640 39.000
26.664 46.000
26.688 44.000
26.712 51.000
26.736 44.000
26.760 45.000
26.784 58.000
26.809 48.000
26.833 55.000
26.857 59.000
26.881 57.000
26.905 59.000
26.929 78.000
26.953 90.000
26.977 83.000
27.001 87.000
27.026 116.000
27.050 141.000
27.074 137.000
27.098 165.000
27.122 159.000
27.147 149.000
27.171 171.000
27.195 192.000
27.219 192.000
27.244 187.000
27.268 194.000
27.292 167.000
27.316 183.000
27.341 178.000
27.365 172.000
27.389 126.000
27.414 111.000
27.438 112.000
27.462 97.000
27.487 80.000
27.511 83.000
27.535 59.000
27.560 65.000
27.584 52.000
27.609 33.000
27.633 35.000
27.658 36.000
27.682 35.000
27.707 27.000
27.731 40.000
27.755 33.000
27.780 37.000
27.805 45.000
27.829 43.000
27.854 35.000
27.878 40.000
27.903 39.000
27.927 37.000
27.952 37.000
27.976 41.000
28.001 44.000
28.026 31.000
28.050 18.000
28.075 33.000
28.099 39.000
28.124 35.000
28.149 23.000
28.173 32.000
28.198 31.000
28.223 30.000
28.248 49.000
28.272 33.000
28.297 27.000
28.322 33.000
28.346 38.000
28.371 35.000
28.396 30.000
28.421 26.000
28.446 36.000
28.470 35.000
28.495 28.000
28.520 37.000
28.545 31.000
28.570 20.000
28.594 36.000
28.619 33.000
28.644 23.000
28.669 35.000
28.694 29.000
28.719 32.000
28.744 21.000
28.769 29.000
28.794 29.000
28.819 33.000
28.844 40.000
28.868 26.000
28.893 25.000
28.918 32.000
28.943 34.000
28.968 38.000
28.993 26.000
29.018 31.000
29.044 36.000
29.069 30.000
29.094 18.000
29.119 24.000
29.144 21.000
29.169 24.000
29.194 32.000
29.219 24.000
29.244 38.000
29.269 42.000
29.294 30.000
29.320 38.000
29.345 37.000
29.370 33.000
29.395 38.000
29.420 34.000
29.445 30.000
29.471 33.000
29.496 31.000
29.521 30.000
29.546 25.000
29.572 32.000
29.597 32.000
29.622 31.000
29.647 33.000
29.673 37.000
29.698 26.000
29.723 44.000
29.749 40.000
29.774 31.000
29.799 32.000
29.825 30.000
29.850 34.000
29.875 40.000
29.901 32.000
29.926 30.000
29.951 33.000
29.977 42.000
30.002 29.000
30.028 29.000
30.053 35.000
30.078 33.000
30.104 29.000
30.129 32.000
30.155 40.000
30.180 38.000
30.206 29.000
30.231 33.000
30.257 41.000
30.282 29.000
30.308 34.000
30.333 39.000
30.359 26.000
30.385 32.000
30.410 26.000
30.436 35.000
30.461 25.000
30.487 29.000
30.512 35.000
30.538 38.000
30.564 34.000
30.589 39.000
30.615 41.000
30.641 23.000
30.666 51.000
30.692 38.000
30.718 34.000
30.743 37.000
30.769 31.000
30.795 41.000
30.820 36.000
30.846 27.000
30.872 31.000
30.898 23.000
30.923 35.000
30.949 26.000
30.975 29.000
31.001 36.000
31.026 16.000
31.052 35.000
31.078 22.000
31.104 22.000
31.130 28.000
31.156 24.000
31.181 23.000
31.207 38.000
31.233 28.000
31.259 35.000
31.285 23.000
31.311 29.000
31.337 33.000
31.363 43.000
31.388 35.000
31.414 37.000
31.440 36.000
31.466 35.000
31.492 26.000
31.518 33.000
31.544 30.000
31.570 29.000
31.596 29.000
31.622 28.000
31.648 34.000
31.674 28.000
31.700 31.000
31.726 24.000
31.752 31.000
31.778 33.000
31.804 26.000
31.830 35.000
31.857 42.000
31.883 27.000
31.909 30.000
31.935 32.000
31.961 21.000
31.987 33.000
32.013 35.000
32.039 27.000
32.065 35.000
32.092 32.000
32.118 30.000
32.144 44.000
32.170 34.000
32.196 39.000
32.223 35.000
32.249 29.000
32.275 30.000
32.301 27.000
32.327 33.000
32.354 36.000
32.380 38.000
32.406 28.000
32.432 39.000
32.459 41.000
32.485 44.000
32.511 39.000
32.538 41.000
32.564 48.000
32.590 45.000
32.617 48.000
32.643 30.000
32.669 35.000
32.696 47.000
32.722 36.000
32.748 36.000
32.775 52.000
32.801 47.000
32.827 46.000
32.854 58.000
32.880 50.000
32.907 42.000
32.933 54.000
32.960 59.000
32.986 71.000
33.012 62.000
33.039 68.000
33.065 63.000
33.092 59.000
33.118 58.000
33.145 62.000
33.171 55.000
33.198 61.000
33.224 56.000
33.251 56.000
33.277 40.000
33.304 49.000
33.331 48.000
33.357 45.000
33.384 39.000
33.410 51.000
33.437 40.000
33.463 26.000
33.490 48.000
33.517 56.000
33.543 50.000
33.570 68.000
33.597 46.000
33.623 58.000
33.650 78.000
33.676 80.000
33.703 76.000
33.730 116.000
33.757 126.000
33.783 145.000
33.810 154.000
33.837 170.000
33.863 202.000
33.890 209.000
33.917 282.000
33.943 263.000
33.970 309.000
33.997 353.000
34.024 362.000
34.051 328.000
34.077 349.000
34.104 372.000
34.131 359.000
34.158 370.000
34.184 335.000
34.211 316.000
34.238 291.000
34.265 287.000
34.292 249.000
34.319 212.000
34.345 190.000
34.372 164.000
34.399 131.000
34.426 128.000
34.453 104.000
34.480 110.000
34.507 94.000
34.534 77.000
34.561 75.000
34.587 46.000
34.614 49.000
34.641 38.000
34.668 54.000
34.695 43.000
34.722 38.000
34.749 33.000
34.776 35.000
34.803 52.000
34.830 43.000
34.857 33.000
34.884 33.000
34.911 32.000
34.938 41.000
34.965 35.000
34.992 25.000
35.019 19.000
35.046 39.000
35.073 26.000
35.100 39.000
35.127 38.000
35.155 39.000
35.182 34.000
35.209 39.000
35.236 34.000
35.263 37.000
35.290 40.000
35.317 21.000
35.344 33.000
35.371 19.000
35.399 36.000
35.426 37.000
35.453 37.000
35.480 47.000
35.507 36.000
35.534 34.000
35.562 50.000
35.589 29.000
35.616 47.000
35.643 33.000
35.670 30.000
35.698 29.000
35.725 43.000
35.752 36.000
35.779 31.000
35.807 35.000
35.834 40.000
35.861 48.000
35.888 31.000
35.916 51.000
35.943 42.000
35.970 48.000
35.997 48.000
36.025 53.000
36.052 42.000
36.079 44.000
36.107 44.000
36.134 47.000
36.161 34.000
36.189 46.000
36.216 41.000
36.243 48.000
36.271 47.000
36.298 47.000
36.326 43.000
36.353 25.000
36.380 39.000
36.408 33.000
36.435 37.000
36.463 28.000
36.490 31.000
36.517 45.000
36.545 45.000
36.572 26.000
36.600 29.000
36.627 34.000
36.655 30.000
36.682 27.000
36.710 39.000
36.737 39.000
36.765 28.000
36.792 28.000
36.820 20.000
36.847 24.000
36.875 30.000
36.902 38.000
36.930 31.000
36.957 27.000
36.985 19.000
37.012 37.000
37.040 25.000
37.067 32.000
37.095 29.000
37.122 19.000
37.150 22.000
37.178 45.000
37.205 30.000
37.233 33.000
37.260 32.000
37.288 29.000
37.316 26.000
37.343 31.000
37.371 17.000
37.399 32.000
37.426 33.000
37.454 24.000
37.481 29.000
37.509 30.000
37.537 36.000
37.564 33.000
37.592 34.000
37.620 33.000
37.648 30.000
37.675 35.000
37.703 44.000
37.731 29.000
37.758 29.000
37.786 27.000
37.814 30.000
37.842 30.000
37.869 35.000
37.897 38.000
37.925 21.000
37.953 29.000
37.980 33.000
38.008 32.000
38.036 37.000
38.064 31.000
38.091 35.000
38.119 26.000
38.147 37.000
38.175 39.000
38.203 29.000
38.230 36.000
38.258 24.000
38.286 26.000
38.314 40.000
38.342 33.000
38.370 25.000
38.397 30.000
38.425 39.000
38.453 31.000
38.481 45.000
38.509 39.000
38.537 33.000
38.565 26.000
38.593 36.000
38.620 26.000
38.648 37.000
38.676 40.000
38.704 37.000
38.732 33.000
38.760 30.000
38.788 23.000
38.816 30.000
38.844 29.000
38.872 26.000
38.900 28.000
38.928 35.000
38.956 30.000
38.984 25.000
39.012 28.000
39.040 34.000
39.068 29.000
39.096 17.000
39.124 28.000
39.152 26.000
39.180 30.000
39.208 26.000
39.236 31.000
39.264 28.000
39.292 38.000
39.320 40.000
39.348 25.000
39.376 36.000
39.404 34.000
39.432 39.000
39.460 34.000
39.488 31.000
39.516 34.000
39.544 27.000
39.572 38.000
39.600 35.000
39.629 32.000
39.657 40.000
39.685 27.000
39.713 38.000
39.741 40.000
39.769 35.000
39.797 34.000
39.825 41.000
39.854 34.000
39.882 38.000
39.910 36.000
39.938 26.000
39.966 48.000
39.994 37.000
40.023 40.000
40.051 35.000
40.079 43.000
40.107 54.000
40.135 50.000
40.163 44.000
40.192 58.000
40.220 43.000
40.248 55.000
40.276 51.000
40.304 55.000
40.333 50.000
40.361 65.000
40.389 59.000
40.417 40.000
40.446 39.000
40.474 47.000
40.502 46.000
40.530 49.000
40.559 44.000
40.587 53.000
40.615 50.000
40.644 52.000
40.672 54.000
40.700 53.000
40.728 40.000
40.757 46.000
40.785 54.000
40.813 36.000
40.842 36.000
40.870 32.000
40.898 47.000
40.927 33.000
40.955 41.000
40.983 32.000
41.012 40.000
41.040 35.000
41.068 40.000
41.097 35.000
41.125 31.000
41.153 37.000
41.182 45.000
41.210 42.000
41.239 30.000
41.267 33.000
41.295 26.000
41.324 29.000
41.352 32.000
41.381 40.000
41.409 23.000
41.437 32.000
41.466 35.000
41.494 38.000
41.523 30.000
41.551 48.000
41.580 43.000
41.608 31.000
41.636 40.000
41.665 26.000
41.693 46.000
41.722 22.000
41.750 37.000
41.779 30.000
41.807 42.000
41.836 32.000
41.864 39.000
41.893 35.000
41.921 27.000
41.950 33.000
41.978 45.000
42.007 41.000
42.035 32.000
42.064 36.000
42.092 42.000
42.121 32.000
42.149 35.000
42.178 42.000
42.206 45.000
42.235 29.000
42.263 47.000
42.292 53.000
42.320 30.000
42.349 37.000
42.377 54.000
42.406 56.000
42.435 53.000
42.463 56.000
42.492 55.000
42.520 53.000
42.549 82.000
42.577 65.000
42.606 68.000
42.635 76.000
42.663 62.000
42.692 64.000
42.720 71.000
42.749 95.000
42.778 108.000
42.806 71.000
42.835 125.000
42.864 101.000
42.892 97.000
42.921 116.000
42.949 119.000
42.978 113.000
43.007 129.000
43.035 111.000
43.064 133.000
43.093 142.000
43.121 118.000
43.150 134.000
43.179 103.000
43.207 127.000
43.236 129.000
43.265 101.000
43.293 94.000
43.322 87.000
43.351 90.000
43.379 63.000
43.408 74.000
43.437 69.000
43.466 75.000
43.494 55.000
43.523 74.000
43.552 71.000
43.580 61.000
43.609 55.000
43.638 46.000
43.667 64.000
43.695 62.000
43.724 49.000
43.753 46.000
43.782 56.000
43.810 53.000
43.839 57.000
43.868 61.000
43.897 59.000
43.925 55.000
43.954 52.000
43.983 59.000
44.012 56.000
44.040 58.000
44.069 80.000
44.098 51.000
44.127 55.000
44.156 77.000
44.184 66.000
44.213 64.000
44.242 78.000
44.271 70.000
44.299 67.000
44.328 54.000
44.357 67.000
44.386 64.000
44.415 58.000
44.444 68.000
44.472 63.000
44.501 55.000
44.530 56.000
44.559 50.000
44.588 54.000
44.617 54.000
44.645 53.000
44.674 53.000
44.703 52.000
44.732 42.000
44.761 49.000
44.790 44.000
44.819 38.000
44.847 52.000
44.876 28.000
44.905 36.000
44.934 54.000
44.963 40.000
44.992 37.000
45.021 31.000
45.050 39.000
45.078 38.000
45.107 40.000
45.136 38.000
45.165 37.000
45.194 39.000
45.223 40.000
45.252 47.000
45.281 39.000
45.310 29.000
45.339 40.000
45.367 43.000
45.396 38.000
45.425 48.000
45.454 40.000
45.483 39.000
45.512 44.000
45.541 37.000
45.570 39.000
45.599 38.000
45.628 26.000
45.657 39.000
45.686 34.000
45.715 33.000
45.744 41.000
45.773 37.000
45.802 34.000
45.831 46.000
45.860 37.000
45.889 43.000
45.917 35.000
45.946 40.000
45.975 48.000
46.004 43.000
46.033 52.000
46.062 38.000
46.091 31.000
46.120 43.000
46.149 45.000
46.178 31.000
46.207 44.000
46.236 39.000
46.265 41.000
46.294 36.000
46.323 51.000
46.352 47.000
46.381 41.000
46.410 35.000
46.439 43.000
46.468 51.000
46.497 33.000
46.526 29.000
46.555 42.000
46.585 41.000
46.614 47.000
46.643 42.000
46.672 45.000
46.701 61.000
46.730 43.000
46.759 30.000
46.788 45.000
46.817 35.000
46.846 42.000
46.875 34.000
46.904 43.000
46.933 51.000
46.962 52.000
46.991 50.000
47.020 49.000
47.049 42.000
47.078 40.000
47.107 37.000
47.136 36.000
47.166 40.000
47.195 35.000
47.224 34.000
47.253 35.000
47.282 36.000
47.311 38.000
47.340 34.000
47.369 44.000
47.398 35.000
47.427 39.000
47.456 27.000
47.485 35.000
47.515 42.000
47.544 41.000
47.573 41.000
47.602 44.000
47.631 30.000
47.660 30.000
47.689 25.000
47.718 36.000
47.747 41.000
47.777 30.000
47.806 34.000
47.835 45.000
47.864 32.000
47.893 51.000
47.922 42.000
47.951 53.000
47.980 38.000
48.009 52.000
48.039 55.000
48.068 48.000
48.097 56.000
48.126 65.000
48.155 50.000
48.184 56.000
48.213 57.000
48.243 62.000
48.272 57.000
48.301 59.000
48.330 65.000
48.359 56.000
48.388 45.000
48.417 66.000
48.447 46.000
48.476 50.000
48.505 70.000
48.534 62.000
48.563 73.000
48.592 62.000
48.622 62.000
48.651 65.000
48.680 85.000
48.709 75.000
48.738 73.000
48.767 61.000
48.797 85.000
48.826 88.000
48.855 95.000
48.884 88.000
48.913 95.000
48.942 110.000
48.972 83.000
49.001 107.000
49.030 84.000
49.059 103.000
49.088 97.000
49.118 107.000
49.147 104.000
49.176 99.000
49.205 98.000
49.234 87.000
49.263 82.000
49.293 78.000
49.322 64.000
49.351 92.000
49.380 63.000
49.409 65.000
49.439 61.000
49.468 66.000
49.497 46.000
49.526 55.000
49.555 38.000
49.585 51.000
49.614 48.000
49.643 37.000
49.672 36.000
49.701 43.000
49.731 48.000
49.760 38.000
49.789 35.000
49.818 36.000
49.848 28.000
49.877 40.000
49.906 39.000
49.935 41.000
49.964 35.000
49.994 39.000
50.023 36.000
50.052 42.000
50.081 35.000
50.110 41.000
50.140 31.000
50.169 38.000
50.198 31.000
50.227 32.000
50.257 37.000
50.286 39.000
50.315 35.000
50.344 34.000
50.374 28.000
50.403 39.000
50.432 37.000
50.461 23.000
50.490 44.000
50.520 35.000
50.549 48.000
50.578 35.000
50.607 33.000
50.637 29.000
50.666 38.000
50.695 57.000
50.724 32.000
50.754 29.000
50.783 44.000
50.812 32.000
50.841 49.000
50.870 32.000
50.900 32.000
50.929 44.000
50.958 36.000
50.987 42.000
51.017 39.000
51.046 28.000
51.075 28.000
51.104 45.000
51.134 33.000
51.163 39.000
51.192 44.000
51.221 37.000
51.251 31.000
51.280 42.000
51.309 31.000
51.338 36.000
51.368 32.000
51.397 33.000
51.426 42.000
51.455 25.000
51.485 47.000
51.514 38.000
51.543 39.000
51.572 38.000
51.602 29.000
51.631 32.000
51.660 28.000
51.689 36.000
51.719 32.000
51.748 35.000
51.777 27.000
51.806 27.000
51.836 38.000
51.865 35.000
51.894 46.000
51.923 42.000
51.953 30.000
51.982 41.000
52.011 36.000
52.040 41.000
52.070 27.000
52.099 32.000
52.128 32.000
52.157 36.000
52.187 36.000
52.216 32.000
52.245 37.000
52.274 33.000
52.304 35.000
52.333 30.000
52.362 43.000
52.391 40.000
52.421 38.000
52.450 40.000
52.479 29.000
52.508 31.000
52.538 42.000
52.567 34.000
52.596 27.000
52.625 23.000
52.655 37.000
52.684 31.000
52.713 35.000
52.742 42.000
52.772 31.000
52.801 38.000
52.830 20.000
52.859 35.000
52.889 45.000
52.918 39.000
52.947 36.000
52.976 27.000
53.006 29.000
53.035 50.000
53.064 40.000
53.093 39.000
53.123 30.000
53.152 42.000
53.181 45.000
53.210 37.000
53.240 35.000
53.269 39.000
53.298 35.000
53.327 35.000
53.357 33.000
53.386 37.000
53.415 49.000
53.444 40.000
53.473 32.000
53.503 47.000
53.532 35.000
