35.000
53.000
37.000
43.000
46.000
46.000
41.000
56.000
48.000
60.000
34.000
34.000
32.000
36.000
23.000
30.000
37.000
40.000
30.000
41.000
31.000
32.000
26.000
27.000
29.000
29.000
34.000
28.000
33.000
34.000
36.000
28.000
35.000
51.000
37.000
29.000
28.000
31.000
40.000
36.000
29.000
26.000
36.000
29.000
35.000
33.000
27.000
31.000
35.000
34.000
28.000
31.000
39.000
43.000
48.000
42.000
39.000
29.000
40.000
43.000
40.000
33.000
48.000
37.000
41.000
43.000
30.000
32.000
48.000
43.000
35.000
39.000
31.000
28.000
26.000
37.000
42.000
32.000
24.000
33.000
34.000
47.000
30.000
31.000
44.000
29.000
32.000
30.000
39.000
37.000
34.000
33.000
29.000
43.000
27.000
25.000
24.000
22.000
39.000
33.000
27.000
29.000
33.000
27.000
27.000
35.000
28.000
26.000
32.000
20.000
32.000
25.000
25.000
38.000
37.000
27.000
34.000
26.000
34.000
31.000
35.000
39.000
29.000
32.000
24.000
22.000
32.000
25.000
33.000
27.000
40.000
29.000
28.000
31.000
19.000
23.000
26.000
25.000
35.000
34.000
46.000
40.000
28.000
24.000
34.000
34.000
28.000
40.000
26.000
29.000
54.000
48.000
33.000
33.000
34.000
32.000
24.000
39.000
39.000
24.000
21.000
22.000
32.000
36.000
25.000
20.000
31.000
27.000
28.000
30.000
30.000
38.000
34.000
25.000
33.000
37.000
37.000
40.000
34.000
37.000
34.000
40.000
44.000
32.000
39.000
33.000
42.000
31.000
35.000
38.000
33.000
31.000
36.000
29.000
32.000
30.000
33.000
43.000
37.000
38.000
44.000
26.000
27.000
40.000
37.000
49.000
41.000
54.000
43.000
46.000
48.000
42.000
59.000
49.000
68.000
69.000
70.000
66.000
62.000
72.000
80.000
76.000
85.000
120.000
105.000
103.000
96.000
94.000
99.000
80.000
96.000
71.000
92.000
94.000
67.000
54.000
55.000
55.000
51.000
54.000
50.000
32.000
42.000
30.000
41.000
41.000
35.000
35.000
40.000
41.000
24.000
32.000
36.000
39.000
33.000
34.000
30.000
34.000
37.000
27.000
28.000
43.000
38.000
41.000
41.000
35.000
37.000
32.000
35.000
36.000
35.000
33.000
40.000
37.000
34.000
39.000
30.000
38.000
25.000
45.000
39.000
49.000
36.000
28.000
30.000
32.000
34.000
20.000
37.000
42.000
27.000
48.000
39.000
43.000
34.000
40.000
42.000
38.000
38.000
49.000
50.000
49.000
45.000
40.000
47.000
40.000
39.000
67.000
44.000
49.000
56.000
57.000
67.000
49.000
56.000
67.000
80.000
76.000
86.000
93.000
106.000
128.000
104.000
133.000
157.000
161.000
183.000
195.000
188.000
210.000
183.000
175.000
191.000
172.000
145.000
130.000
150.000
101.000
95.000
81.000
62.000
53.000
55.000
47.000
41.000
33.000
50.000
42.000
42.000
47.000
37.000
41.000
39.000
42.000
45.000
41.000
32.000
42.000
32.000
23.000
44.000
35.000
38.000
35.000
36.000
31.000
32.000
42.000
37.000
49.000
33.000
40.000
31.000
28.000
46.000
41.000
30.000
37.000
36.000
34.000
36.000
36.000
39.000
28.000
35.000
47.000
29.000
33.000
35.000
36.000
29.000
50.000
29.000
49.000
28.000
36.000
28.000
40.000
37.000
29.000
43.000
33.000
40.000
35.000
45.000
20.000
39.000
20.000
40.000
40.000
40.000
47.000
39.000
25.000
46.000
47.000
30.000
45.000
38.000
34.000
38.000
32.000
42.000
36.000
49.000
24.000
55.000
45.000
26.000
36.000
49.000
42.000
35.000
52.000
36.000
43.000
40.000
41.000
47.000
31.000
47.000
38.000
45.000
31.000
35.000
49.000
22.000
27.000
39.000
32.000
37.000
29.000
33.000
43.000
42.000
36.000
41.000
35.000
55.000
43.000
35.000
34.000
43.000
38.000
44.000
33.000
41.000
44.000
40.000
57.000
45.000
44.000
35.000
39.000
37.000
37.000
29.000
53.000
40.000
35.000
40.000
24.000
38.000
34.000
36.000
43.000
36.000
31.000
26.000
40.000
34.000
56.000
31.000
32.000
35.000
31.000
35.000
34.000
34.000
41.000
39.000
31.000
33.000
33.000
39.000
40.000
34.000
27.000
43.000
29.000
34.000
31.000
34.000
37.000
38.000
43.000
37.000
39.000
37.000
36.000
37.000
45.000
39.000
39.000
32.000
29.000
31.000
35.000
35.000
36.000
36.000
34.000
30.000
35.000
30.000
43.000
40.000
41.000
41.000
37.000
47.000
54.000
54.000
53.000
46.000
57.000
54.000
52.000
64.000
54.000
55.000
64.000
75.000
65.000
73.000
81.000
74.000
55.000
76.000
63.000
68.000
56.000
62.000
66.000
74.000
52.000
53.000
54.000
49.000
52.000
46.000
47.000
53.000
57.000
65.000
53.000
65.000
62.000
59.000
91.000
93.000
120.000
126.000
154.000
170.000
176.000
227.000
264.000
292.000
379.000
450.000
461.000
515.000
590.000
541.000
572.000
641.000
638.000
644.000
548.000
591.000
475.000
454.000
328.000
330.000
264.000
217.000
170.000
136.000
116.000
107.000
89.000
76.000
76.000
65.000
65.000
46.000
67.000
60.000
53.000
52.000
52.000
36.000
43.000
39.000
49.000
53.000
48.000
42.000
51.000
42.000
41.000
41.000
43.000
36.000
28.000
39.000
41.000
35.000
41.000
54.000
45.000
39.000
42.000
41.000
39.000
33.000
42.000
41.000
31.000
45.000
48.000
44.000
45.000
42.000
54.000
39.000
40.000
50.000
32.000
41.000
40.000
37.000
44.000
47.000
42.000
51.000
46.000
54.000
45.000
38.000
45.000
58.000
58.000
43.000
44.000
45.000
51.000
39.000
51.000
34.000
43.000
42.000
50.000
49.000
46.000
39.000
43.000
48.000
30.000
30.000
41.000
40.000
39.000
35.000
35.000
33.000
31.000
41.000
35.000
34.000
39.000
39.000
45.000
38.000
34.000
36.000
39.000
41.000
30.000
39.000
33.000
45.000
36.000
32.000
35.000
33.000
37.000
36.000
28.000
19.000
39.000
40.000
28.000
42.000
32.000
33.000
35.000
33.000
37.000
39.000
46.000
32.000
45.000
43.000
39.000
41.000
34.000
34.000
32.000
41.000
33.000
35.000
32.000
35.000
36.000
32.000
40.000
29.000
40.000
30.000
45.000
32.000
36.000
38.000
23.000
38.000
34.000
47.000
52.000
35.000
29.000
33.000
34.000
40.000
33.000
46.000
26.000
38.000
39.000
37.000
36.000
35.000
41.000
28.000
34.000
34.000
45.000
28.000
48.000
40.000
47.000
40.000
32.000
28.000
36.000
44.000
36.000
31.000
35.000
47.000
35.000
32.000
37.000
32.000
31.000
34.000
47.000
47.000
42.000
36.000
39.000
40.000
33.000
42.000
34.000
44.000
44.000
42.000
35.000
42.000
40.000
38.000
43.000
38.000
45.000
41.000
41.000
41.000
33.000
57.000
58.000
45.000
63.000
55.000
49.000
52.000
53.000
63.000
59.000
77.000
44.000
52.000
54.000
58.000
42.000
47.000
47.000
42.000
35.000
46.000
35.000
29.000
36.000
44.000
54.000
44.000
26.000
33.000
33.000
35.000
39.000
42.000
29.000
36.000
50.000
46.000
35.000
49.000
38.000
40.000
35.000
25.000
46.000
46.000
37.000
45.000
26.000
36.000
38.000
40.000
40.000
48.000
32.000
30.000
34.000
36.000
41.000
43.000
52.000
43.000
31.000
49.000
45.000
41.000
37.000
31.000
54.000
40.000
40.000
40.000
47.000
40.000
51.000
50.000
46.000
51.000
48.000
44.000
67.000
58.000
54.000
74.000
62.000
79.000
73.000
78.000
86.000
96.000
106.000
107.000
132.000
135.000
130.000
126.000
148.000
159.000
154.000
174.000
157.000
174.000
156.000
132.000
159.000
112.000
139.000
119.000
100.000
88.000
90.000
70.000
64.000
68.000
67.000
59.000
45.000
55.000
57.000
57.000
59.000
63.000
67.000
43.000
54.000
47.000
65.000
52.000
58.000
61.000
68.000
54.000
78.000
52.000
66.000
59.000
72.000
64.000
78.000
64.000
54.000
65.000
51.000
68.000
65.000
53.000
57.000
59.000
52.000
59.000
46.000
52.000
43.000
48.000
50.000
42.000
32.000
45.000
57.000
43.000
43.000
36.000
47.000
39.000
45.000
38.000
38.000
39.000
36.000
36.000
46.000
44.000
52.000
39.000
39.000
39.000
41.000
48.000
44.000
35.000
47.000
50.000
39.000
43.000
47.000
37.000
43.000
38.000
35.000
54.000
47.000
50.000
46.000
35.000
52.000
41.000
48.000
50.000
59.000
54.000
52.000
53.000
48.000
39.000
55.000
46.000
40.000
43.000
44.000
34.000
46.000
35.000
49.000
43.000
36.000
50.000
44.000
51.000
44.000
52.000
50.000
47.000
58.000
34.000
45.000
50.000
50.000
59.000
39.000
50.000
51.000
35.000
43.000
46.000
52.000
31.000
49.000
37.000
41.000
48.000
56.000
46.000
41.000
35.000
41.000
34.000
39.000
39.000
46.000
50.000
43.000
38.000
38.000
42.000
31.000
42.000
40.000
38.000
48.000
46.000
39.000
33.000
33.000
39.000
48.000
52.000
43.000
48.000
45.000
61.000
48.000
40.000
43.000
50.000
71.000
47.000
45.000
56.000
50.000
58.000
63.000
67.000
60.000
50.000
65.000
64.000
50.000
65.000
58.000
58.000
68.000
45.000
61.000
66.000
62.000
79.000
71.000
96.000
88.000
88.000
95.000
95.000
101.000
104.000
117.000
100.000
106.000
114.000
97.000
101.000
109.000
91.000
91.000
69.000
79.000
74.000
73.000
52.000
51.000
68.000
51.000
52.000
41.000
54.000
50.000
39.000
39.000
36.000
37.000
36.000
41.000
48.000
42.000
35.000
35.000
34.000
37.000
38.000
46.000
47.000
39.000
35.000
36.000
38.000
33.000
45.000
32.000
32.000
35.000
32.000
44.000
52.000
34.000
43.000
45.000
32.000
41.000
45.000
26.000
29.000
42.000
45.000
25.000
43.000
40.000
43.000
48.000
36.000
36.000
36.000
42.000
40.000
45.000
29.000
37.000
32.000
38.000
45.000
29.000
42.000
40.000
36.000
38.000
43.000
40.000
44.000
30.000
23.000
41.000
37.000
44.000
37.000
43.000
28.000
46.000
31.000
44.000
46.000
37.000
37.000
28.000
34.000
44.000
25.000
32.000
31.000
35.000
33.000
39.000
39.000
42.000
36.000
31.000
41.000
42.000
38.000
31.000
30.000
31.000
33.000
24.000
41.000
38.000
34.000
30.000
33.000
41.000
34.000
35.000
32.000
48.000
44.000
40.000
27.000
41.000
32.000
33.000
44.000
30.000
45.000
41.000
50.000
30.000
35.000
29.000
35.000
44.000
33.000
40.000
35.000
38.000
35.000
40.000
43.000
48.000
42.000
40.000
41.000
51.000
43.000
36.000
