33.000
40.000
31.000
49.000
37.000
60.000
24.000
25.000
31.000
31.000
22.000
36.000
28.000
27.000
31.000
21.000
25.000
42.000
33.000
19.000
28.000
32.000
23.000
21.000
26.000
29.000
35.000
27.000
19.000
23.000
32.000
23.000
30.000
30.000
26.000
29.000
27.000
23.000
27.000
22.000
28.000
17.000
24.000
16.000
31.000
21.000
26.000
26.000
28.000
31.000
32.000
24.000
25.000
36.000
43.000
24.000
35.000
41.000
41.000
44.000
31.000
31.000
26.000
29.000
26.000
40.000
33.000
28.000
34.000
31.000
20.000
29.000
28.000
22.000
20.000
22.000
19.000
30.000
16.000
25.000
29.000
26.000
25.000
27.000
22.000
18.000
31.000
27.000
29.000
34.000
26.000
20.000
23.000
26.000
24.000
38.000
24.000
18.000
24.000
29.000
21.000
24.000
30.000
24.000
24.000
25.000
25.000
21.000
20.000
27.000
23.000
18.000
26.000
35.000
24.000
24.000
21.000
32.000
22.000
21.000
32.000
23.000
20.000
25.000
27.000
21.000
33.000
25.000
22.000
24.000
29.000
28.000
28.000
24.000
31.000
27.000
28.000
30.000
26.000
27.000
27.000
22.000
29.000
31.000
27.000
28.000
30.000
27.000
26.000
34.000
22.000
21.000
24.000
29.000
29.000
26.000
31.000
30.000
24.000
19.000
28.000
36.000
27.000
33.000
24.000
25.000
25.000
18.000
31.000
23.000
25.000
30.000
20.000
35.000
20.000
34.000
14.000
34.000
28.000
32.000
21.000
20.000
22.000
29.000
26.000
32.000
31.000
33.000
30.000
39.000
26.000
23.000
34.000
29.000
34.000
30.000
28.000
31.000
28.000
24.000
31.000
31.000
39.000
32.000
26.000
41.000
44.000
34.000
40.000
34.000
41.000
45.000
36.000
68.000
69.000
73.000
65.000
73.000
82.000
74.000
73.000
88.000
78.000
90.000
101.000
94.000
123.000
117.000
85.000
103.000
75.000
80.000
75.000
78.000
64.000
52.000
46.000
46.000
34.000
43.000
36.000
34.000
34.000
30.000
33.000
31.000
30.000
28.000
33.000
37.000
33.000
29.000
27.000
34.000
30.000
27.000
32.000
25.000
20.000
23.000
28.000
24.000
28.000
36.000
31.000
41.000
35.000
32.000
22.000
29.000
29.000
25.000
36.000
29.000
39.000
36.000
27.000
31.000
30.000
28.000
28.000
38.000
25.000
29.000
38.000
28.000
25.000
42.000
32.000
27.000
34.000
21.000
31.000
33.000
28.000
33.000
36.000
33.000
36.000
26.000
42.000
38.000
30.000
37.000
41.000
38.000
34.000
36.000
35.000
46.000
54.000
63.000
60.000
56.000
66.000
71.000
83.000
93.000
71.000
88.000
103.000
106.000
140.000
145.000
150.000
141.000
173.000
190.000
153.000
164.000
171.000
146.000
180.000
181.000
147.000
144.000
136.000
131.000
91.000
89.000
80.000
58.000
51.000
53.000
48.000
40.000
35.000
34.000
30.000
32.000
29.000
31.000
30.000
44.000
39.000
46.000
33.000
46.000
40.000
37.000
33.000
38.000
41.000
34.000
35.000
44.000
35.000
40.000
46.000
32.000
32.000
42.000
28.000
32.000
30.000
32.000
34.000
32.000
42.000
39.000
24.000
30.000
30.000
31.000
31.000
32.000
32.000
32.000
29.000
23.000
25.000
31.000
31.000
30.000
30.000
38.000
24.000
37.000
30.000
27.000
30.000
45.000
25.000
28.000
29.000
24.000
22.000
35.000
35.000
42.000
30.000
28.000
30.000
25.000
38.000
21.000
27.000
32.000
28.000
23.000
27.000
36.000
46.000
33.000
30.000
42.000
26.000
28.000
29.000
24.000
43.000
24.000
33.000
37.000
29.000
35.000
34.000
33.000
36.000
26.000
27.000
36.000
23.000
41.000
37.000
39.000
38.000
34.000
22.000
33.000
42.000
29.000
28.000
27.000
25.000
25.000
28.000
41.000
30.000
36.000
28.000
34.000
22.000
29.000
39.000
32.000
39.000
31.000
37.000
28.000
26.000
41.000
22.000
37.000
48.000
34.000
33.000
26.000
28.000
42.000
27.000
27.000
29.000
27.000
31.000
33.000
31.000
37.000
26.000
32.000
32.000
34.000
32.000
33.000
31.000
33.000
27.000
26.000
33.000
31.000
32.000
28.000
22.000
28.000
28.000
24.000
27.000
37.000
37.000
22.000
27.000
34.000
29.000
34.000
20.000
30.000
29.000
31.000
36.000
30.000
21.000
30.000
30.000
37.000
40.000
31.000
29.000
37.000
30.000
34.000
24.000
45.000
34.000
36.000
21.000
40.000
47.000
54.000
38.000
41.000
45.000
37.000
40.000
23.000
31.000
41.000
53.000
49.000
38.000
51.000
56.000
53.000
48.000
70.000
62.000
73.000
63.000
67.000
64.000
72.000
59.000
65.000
55.000
46.000
54.000
59.000
43.000
48.000
51.000
50.000
41.000
38.000
41.000
49.000
47.000
51.000
40.000
72.000
50.000
77.000
79.000
84.000
101.000
129.000
126.000
168.000
192.000
246.000
260.000
325.000
318.000
371.000
406.000
510.000
547.000
552.000
604.000
585.000
598.000
549.000
575.000
468.000
459.000
394.000
354.000
298.000
209.000
193.000
184.000
132.000
111.000
92.000
66.000
77.000
57.000
59.000
52.000
39.000
46.000
42.000
43.000
37.000
41.000
48.000
42.000
31.000
47.000
54.000
32.000
47.000
39.000
30.000
32.000
32.000
48.000
43.000
43.000
42.000
41.000
34.000
26.000
42.000
40.000
29.000
19.000
46.000
25.000
58.000
34.000
40.000
28.000
40.000
38.000
39.000
29.000
34.000
48.000
39.000
33.000
43.000
32.000
45.000
39.000
31.000
36.000
50.000
33.000
39.000
49.000
42.000
41.000
48.000
41.000
44.000
41.000
58.000
34.000
40.000
38.000
47.000
30.000
46.000
41.000
35.000
39.000
35.000
35.000
38.000
23.000
37.000
36.000
32.000
31.000
31.000
30.000
33.000
31.000
31.000
36.000
35.000
37.000
29.000
29.000
38.000
31.000
35.000
26.000
35.000
23.000
40.000
31.000
40.000
27.000
43.000
36.000
37.000
40.000
34.000
37.000
30.000
26.000
27.000
30.000
20.000
23.000
27.000
30.000
28.000
31.000
33.000
33.000
22.000
41.000
25.000
35.000
30.000
31.000
38.000
39.000
15.000
38.000
26.000
29.000
24.000
28.000
33.000
28.000
29.000
26.000
19.000
28.000
38.000
26.000
27.000
25.000
33.000
35.000
27.000
32.000
27.000
27.000
37.000
21.000
25.000
31.000
28.000
33.000
34.000
32.000
29.000
21.000
23.000
32.000
26.000
33.000
20.000
27.000
38.000
33.000
38.000
31.000
25.000
28.000
33.000
30.000
36.000
34.000
39.000
35.000
35.000
35.000
32.000
33.000
32.000
39.000
29.000
36.000
31.000
29.000
42.000
29.000
27.000
28.000
31.000
35.000
34.000
29.000
31.000
27.000
31.000
38.000
37.000
39.000
32.000
38.000
42.000
38.000
31.000
40.000
40.000
41.000
39.000
54.000
53.000
40.000
33.000
46.000
47.000
57.000
52.000
56.000
48.000
60.000
43.000
57.000
41.000
44.000
39.000
31.000
35.000
44.000
31.000
35.000
35.000
32.000
37.000
41.000
30.000
40.000
34.000
23.000
27.000
29.000
33.000
28.000
43.000
31.000
26.000
40.000
35.000
35.000
26.000
33.000
33.000
36.000
24.000
25.000
28.000
36.000
41.000
35.000
40.000
40.000
39.000
33.000
35.000
32.000
45.000
42.000
25.000
31.000
36.000
27.000
35.000
25.000
24.000
35.000
40.000
36.000
26.000
39.000
30.000
47.000
42.000
34.000
29.000
41.000
50.000
40.000
57.000
49.000
55.000
70.000
58.000
76.000
70.000
69.000
68.000
94.000
80.000
107.000
100.000
128.000
117.000
117.000
148.000
141.000
154.000
149.000
145.000
146.000
159.000
153.000
145.000
130.000
128.000
116.000
120.000
103.000
107.000
90.000
81.000
76.000
64.000
59.000
63.000
61.000
61.000
53.000
36.000
45.000
47.000
45.000
52.000
36.000
43.000
42.000
54.000
63.000
41.000
54.000
62.000
60.000
52.000
40.000
52.000
52.000
55.000
64.000
73.000
58.000
73.000
57.000
67.000
65.000
45.000
54.000
62.000
56.000
50.000
40.000
41.000
36.000
49.000
50.000
46.000
53.000
39.000
35.000
36.000
32.000
30.000
39.000
41.000
39.000
34.000
39.000
42.000
48.000
39.000
32.000
42.000
42.000
44.000
38.000
33.000
45.000
32.000
46.000
48.000
30.000
47.000
24.000
43.000
46.000
35.000
26.000
48.000
39.000
39.000
41.000
48.000
40.000
34.000
33.000
37.000
30.000
31.000
30.000
33.000
50.000
40.000
30.000
34.000
48.000
30.000
41.000
52.000
39.000
37.000
40.000
31.000
36.000
52.000
40.000
30.000
44.000
50.000
48.000
35.000
44.000
50.000
39.000
51.000
46.000
36.000
59.000
37.000
50.000
31.000
50.000
42.000
58.000
38.000
48.000
51.000
32.000
39.000
33.000
51.000
29.000
43.000
34.000
40.000
36.000
37.000
47.000
28.000
29.000
30.000
50.000
38.000
43.000
34.000
54.000
32.000
47.000
41.000
32.000
30.000
40.000
33.000
35.000
29.000
44.000
45.000
30.000
56.000
53.000
49.000
50.000
49.000
42.000
53.000
47.000
59.000
49.000
40.000
58.000
64.000
54.000
44.000
56.000
59.000
50.000
58.000
38.000
49.000
51.000
53.000
59.000
68.000
71.000
61.000
60.000
57.000
84.000
67.000
102.000
87.000
90.000
86.000
85.000
87.000
103.000
84.000
117.000
94.000
101.000
97.000
83.000
89.000
82.000
95.000
93.000
92.000
69.000
64.000
71.000
67.000
75.000
67.000
46.000
38.000
41.000
60.000
51.000
38.000
45.000
34.000
38.000
36.000
39.000
34.000
39.000
27.000
46.000
41.000
31.000
29.000
31.000
46.000
34.000
33.000
28.000
44.000
43.000
30.000
39.000
31.000
42.000
33.000
37.000
26.000
33.000
39.000
25.000
32.000
30.000
28.000
29.000
41.000
35.000
36.000
34.000
38.000
36.000
34.000
30.000
26.000
25.000
31.000
35.000
28.000
33.000
40.000
33.000
24.000
31.000
27.000
33.000
34.000
26.000
42.000
30.000
30.000
35.000
34.000
37.000
30.000
25.000
27.000
37.000
29.000
40.000
39.000
35.000
44.000
32.000
35.000
32.000
35.000
24.000
34.000
24.000
38.000
41.000
42.000
44.000
28.000
24.000
46.000
36.000
35.000
27.000
42.000
35.000
35.000
39.000
31.000
35.000
41.000
39.000
24.000
36.000
32.000
32.000
32.000
36.000
37.000
34.000
35.000
26.000
29.000
31.000
34.000
20.000
28.000
35.000
31.000
30.000
23.000
27.000
55.000
32.000
31.000
32.000
35.000
37.000
33.000
32.000
30.000
33.000
43.000
34.000
29.000
41.000
34.000
23.000
46.000
