36.000
36.000
36.000
29.000
47.000
26.000
25.000
20.000
20.000
18.000
33.000
32.000
24.000
29.000
14.000
23.000
27.000
24.000
32.000
30.000
23.000
19.000
25.000
19.000
23.000
14.000
14.000
17.000
22.000
17.000
22.000
16.000
17.000
21.000
18.000
12.000
21.000
21.000
17.000
19.000
15.000
28.000
16.000
26.000
27.000
26.000
22.000
27.000
30.000
22.000
25.000
26.000
26.000
35.000
22.000
22.000
32.000
31.000
33.000
25.000
32.000
27.000
25.000
22.000
33.000
20.000
22.000
20.000
18.000
25.000
22.000
28.000
18.000
14.000
30.000
29.000
17.000
14.000
20.000
18.000
25.000
23.000
18.000
17.000
17.000
25.000
22.000
24.000
27.000
19.000
13.000
23.000
22.000
26.000
12.000
23.000
25.000
18.000
20.000
12.000
17.000
16.000
22.000
30.000
24.000
20.000
18.000
27.000
23.000
19.000
12.000
26.000
19.000
18.000
14.000
21.000
19.000
33.000
28.000
23.000
26.000
17.000
14.000
18.000
22.000
26.000
19.000
15.000
30.000
27.000
22.000
15.000
20.000
20.000
20.000
25.000
21.000
13.000
17.000
29.000
16.000
20.000
31.000
16.000
16.000
30.000
28.000
23.000
18.000
16.000
28.000
27.000
17.000
12.000
28.000
22.000
28.000
26.000
24.000
20.000
21.000
25.000
19.000
21.000
27.000
17.000
22.000
32.000
30.000
20.000
25.000
20.000
29.000
19.000
23.000
17.000
20.000
20.000
15.000
10.000
23.000
21.000
24.000
19.000
23.000
23.000
28.000
27.000
18.000
24.000
18.000
28.000
26.000
37.000
25.000
31.000
20.000
22.000
23.000
23.000
19.000
20.000
29.000
34.000
25.000
29.000
21.000
23.000
22.000
31.000
43.000
31.000
42.000
49.000
56.000
42.000
54.000
55.000
84.000
63.000
87.000
79.000
85.000
92.000
92.000
93.000
81.000
77.000
70.000
61.000
78.000
84.000
73.000
71.000
66.000
53.000
36.000
48.000
28.000
25.000
21.000
26.000
21.000
35.000
23.000
20.000
26.000
26.000
26.000
26.000
34.000
31.000
16.000
22.000
25.000
29.000
20.000
19.000
25.000
24.000
30.000
32.000
23.000
29.000
23.000
19.000
28.000
30.000
28.000
29.000
18.000
21.000
31.000
27.000
37.000
17.000
33.000
27.000
29.000
25.000
32.000
35.000
18.000
26.000
33.000
25.000
22.000
25.000
22.000
29.000
32.000
35.000
24.000
30.000
22.000
35.000
25.000
35.000
33.000
34.000
36.000
37.000
19.000
24.000
28.000
25.000
33.000
29.000
34.000
45.000
34.000
43.000
50.000
50.000
48.000
75.000
64.000
73.000
77.000
75.000
81.000
106.000
102.000
126.000
122.000
167.000
142.000
147.000
191.000
146.000
147.000
171.000
179.000
148.000
140.000
126.000
129.000
105.000
83.000
77.000
53.000
38.000
43.000
44.000
41.000
41.000
42.000
34.000
34.000
43.000
34.000
23.000
32.000
32.000
41.000
33.000
26.000
35.000
31.000
19.000
27.000
35.000
27.000
35.000
23.000
27.000
29.000
30.000
29.000
29.000
31.000
23.000
24.000
31.000
27.000
31.000
30.000
20.000
32.000
23.000
24.000
25.000
34.000
26.000
29.000
20.000
23.000
28.000
29.000
27.000
26.000
22.000
29.000
18.000
37.000
24.000
26.000
24.000
36.000
31.000
30.000
25.000
29.000
30.000
23.000
24.000
23.000
34.000
23.000
28.000
29.000
25.000
31.000
35.000
29.000
23.000
30.000
34.000
24.000
27.000
19.000
33.000
26.000
26.000
26.000
34.000
17.000
39.000
28.000
31.000
28.000
41.000
24.000
19.000
29.000
30.000
35.000
37.000
30.000
38.000
33.000
33.000
24.000
27.000
17.000
23.000
23.000
28.000
28.000
29.000
28.000
26.000
35.000
33.000
24.000
29.000
34.000
22.000
29.000
30.000
24.000
15.000
24.000
30.000
30.000
42.000
25.000
34.000
47.000
39.000
31.000
30.000
35.000
29.000
31.000
27.000
31.000
24.000
31.000
23.000
28.000
29.000
33.000
26.000
24.000
35.000
28.000
33.000
27.000
26.000
25.000
37.000
32.000
31.000
20.000
32.000
26.000
23.000
21.000
19.000
27.000
25.000
22.000
25.000
31.000
24.000
21.000
12.000
28.000
35.000
28.000
27.000
20.000
29.000
21.000
37.000
31.000
31.000
16.000
31.000
25.000
27.000
32.000
27.000
39.000
28.000
21.000
32.000
30.000
27.000
32.000
30.000
36.000
32.000
37.000
32.000
33.000
34.000
35.000
30.000
28.000
27.000
37.000
35.000
48.000
35.000
35.000
33.000
43.000
50.000
37.000
51.000
58.000
54.000
61.000
49.000
76.000
64.000
50.000
57.000
68.000
60.000
47.000
59.000
56.000
42.000
53.000
38.000
41.000
38.000
47.000
38.000
41.000
39.000
47.000
41.000
47.000
45.000
55.000
61.000
64.000
67.000
76.000
94.000
93.000
134.000
158.000
197.000
221.000
228.000
324.000
326.000
383.000
490.000
457.000
558.000
513.000
627.000
529.000
615.000
539.000
483.000
470.000
395.000
333.000
276.000
235.000
166.000
163.000
114.000
94.000
102.000
77.000
78.000
53.000
44.000
48.000
48.000
43.000
52.000
41.000
43.000
39.000
34.000
42.000
42.000
39.000
36.000
33.000
38.000
35.000
42.000
28.000
34.000
43.000
31.000
24.000
22.000
47.000
35.000
37.000
40.000
33.000
33.000
33.000
32.000
32.000
38.000
29.000
36.000
37.000
44.000
38.000
25.000
34.000
37.000
26.000
35.000
27.000
34.000
32.000
43.000
44.000
35.000
34.000
35.000
38.000
31.000
52.000
32.000
37.000
41.000
45.000
30.000
37.000
30.000
42.000
48.000
38.000
28.000
28.000
38.000
30.000
32.000
36.000
30.000
24.000
29.000
27.000
24.000
35.000
29.000
24.000
26.000
33.000
25.000
32.000
30.000
29.000
16.000
27.000
23.000
26.000
34.000
37.000
26.000
42.000
22.000
24.000
29.000
28.000
29.000
35.000
27.000
24.000
24.000
29.000
31.000
29.000
26.000
25.000
36.000
24.000
31.000
27.000
28.000
31.000
26.000
36.000
28.000
19.000
29.000
35.000
29.000
28.000
33.000
22.000
37.000
28.000
21.000
34.000
25.000
28.000
24.000
38.000
28.000
46.000
33.000
32.000
30.000
25.000
31.000
34.000
24.000
41.000
28.000
27.000
31.000
24.000
22.000
22.000
36.000
26.000
32.000
33.000
29.000
38.000
27.000
22.000
31.000
33.000
25.000
42.000
29.000
27.000
21.000
29.000
30.000
26.000
29.000
34.000
29.000
29.000
30.000
19.000
28.000
33.000
32.000
28.000
24.000
27.000
32.000
24.000
31.000
26.000
31.000
32.000
22.000
29.000
35.000
28.000
27.000
27.000
29.000
31.000
26.000
36.000
32.000
32.000
26.000
36.000
24.000
39.000
36.000
31.000
26.000
25.000
44.000
26.000
38.000
32.000
32.000
29.000
48.000
45.000
52.000
43.000
54.000
41.000
52.000
50.000
57.000
49.000
62.000
37.000
37.000
43.000
41.000
29.000
26.000
34.000
25.000
29.000
31.000
22.000
39.000
24.000
26.000
33.000
22.000
30.000
35.000
27.000
28.000
25.000
31.000
34.000
21.000
27.000
24.000
24.000
29.000
29.000
29.000
30.000
20.000
27.000
33.000
41.000
33.000
27.000
28.000
33.000
36.000
31.000
31.000
39.000
20.000
34.000
30.000
32.000
43.000
28.000
38.000
35.000
28.000
33.000
35.000
46.000
33.000
26.000
29.000
26.000
26.000
29.000
35.000
30.000
35.000
43.000
45.000
39.000
45.000
47.000
56.000
54.000
75.000
52.000
81.000
67.000
77.000
79.000
83.000
99.000
113.000
104.000
132.000
168.000
141.000
165.000
160.000
170.000
175.000
177.000
127.000
131.000
128.000
116.000
112.000
100.000
91.000
72.000
81.000
58.000
53.000
50.000
50.000
46.000
48.000
40.000
57.000
54.000
58.000
41.000
40.000
37.000
50.000
43.000
45.000
44.000
48.000
50.000
38.000
38.000
47.000
57.000
54.000
53.000
69.000
69.000
52.000
65.000
49.000
57.000
48.000
44.000
55.000
57.000
57.000
39.000
50.000
39.000
29.000
36.000
41.000
31.000
33.000
38.000
54.000
37.000
36.000
38.000
34.000
45.000
35.000
36.000
38.000
49.000
28.000
28.000
30.000
40.000
36.000
31.000
33.000
29.000
42.000
31.000
28.000
30.000
39.000
38.000
33.000
17.000
34.000
27.000
38.000
33.000
28.000
31.000
30.000
38.000
35.000
42.000
36.000
35.000
42.000
29.000
39.000
46.000
36.000
27.000
43.000
38.000
38.000
33.000
39.000
36.000
34.000
39.000
38.000
39.000
54.000
51.000
31.000
50.000
37.000
37.000
46.000
39.000
35.000
45.000
41.000
38.000
36.000
44.000
38.000
44.000
39.000
51.000
40.000
39.000
28.000
29.000
33.000
44.000
35.000
42.000
44.000
42.000
31.000
32.000
35.000
37.000
32.000
40.000
30.000
37.000
40.000
27.000
24.000
31.000
30.000
32.000
23.000
22.000
38.000
25.000
28.000
32.000
41.000
29.000
27.000
29.000
31.000
39.000
28.000
39.000
31.000
28.000
39.000
31.000
36.000
55.000
41.000
38.000
45.000
50.000
49.000
52.000
58.000
53.000
61.000
41.000
48.000
32.000
56.000
48.000
56.000
43.000
46.000
45.000
60.000
53.000
51.000
46.000
54.000
64.000
79.000
83.000
72.000
100.000
98.000
93.000
117.000
121.000
130.000
102.000
101.000
94.000
109.000
129.000
105.000
90.000
89.000
81.000
74.000
73.000
57.000
53.000
60.000
50.000
55.000
40.000
32.000
50.000
31.000
48.000
42.000
29.000
42.000
41.000
27.000
25.000
41.000
24.000
31.000
33.000
25.000
32.000
32.000
34.000
35.000
39.000
29.000
23.000
40.000
22.000
24.000
35.000
37.000
27.000
47.000
36.000
35.000
31.000
39.000
26.000
29.000
28.000
34.000
32.000
23.000
37.000
40.000
28.000
27.000
32.000
22.000
34.000
34.000
27.000
29.000
34.000
30.000
38.000
32.000
31.000
30.000
39.000
28.000
27.000
26.000
42.000
23.000
21.000
33.000
27.000
39.000
32.000
27.000
37.000
36.000
28.000
22.000
26.000
27.000
24.000
34.000
28.000
20.000
38.000
32.000
37.000
37.000
23.000
30.000
31.000
46.000
47.000
40.000
41.000
35.000
25.000
39.000
20.000
26.000
32.000
31.000
34.000
29.000
24.000
29.000
36.000
35.000
31.000
49.000
31.000
39.000
26.000
36.000
19.000
29.000
37.000
30.000
21.000
39.000
26.000
24.000
28.000
37.000
41.000
26.000
34.000
17.000
29.000
27.000
33.000
29.000
29.000
28.000
26.000
34.000
27.000
40.000
32.000
37.000
34.000
30.000
40.000
28.000
