36.000
33.000
29.000
43.000
54.000
28.000
24.000
16.000
17.000
27.000
22.000
25.000
30.000
21.000
24.000
19.000
28.000
31.000
20.000
28.000
15.000
25.000
19.000
24.000
24.000
27.000
20.000
20.000
27.000
19.000
16.000
20.000
17.000
16.000
14.000
21.000
25.000
21.000
22.000
33.000
22.000
34.000
25.000
25.000
19.000
21.000
16.000
28.000
18.000
21.000
22.000
37.000
34.000
32.000
25.000
26.000
29.000
23.000
28.000
43.000
36.000
30.000
26.000
25.000
28.000
26.000
31.000
32.000
25.000
23.000
33.000
33.000
11.000
25.000
20.000
23.000
31.000
33.000
25.000
22.000
26.000
26.000
34.000
19.000
20.000
27.000
23.000
25.000
20.000
26.000
36.000
23.000
18.000
21.000
18.000
28.000
19.000
29.000
13.000
20.000
22.000
17.000
24.000
27.000
22.000
25.000
22.000
23.000
22.000
21.000
29.000
20.000
13.000
20.000
23.000
12.000
28.000
24.000
28.000
17.000
26.000
17.000
22.000
22.000
16.000
16.000
23.000
17.000
18.000
21.000
14.000
19.000
23.000
19.000
19.000
29.000
22.000
23.000
33.000
20.000
23.000
28.000
19.000
28.000
21.000
17.000
30.000
26.000
20.000
22.000
18.000
32.000
19.000
17.000
21.000
18.000
21.000
23.000
23.000
16.000
16.000
20.000
19.000
22.000
31.000
25.000
25.000
36.000
25.000
20.000
22.000
26.000
20.000
24.000
26.000
23.000
25.000
26.000
24.000
29.000
30.000
32.000
23.000
21.000
18.000
16.000
22.000
26.000
26.000
35.000
25.000
31.000
22.000
16.000
23.000
20.000
18.000
19.000
27.000
29.000
25.000
26.000
30.000
31.000
38.000
35.000
32.000
36.000
39.000
39.000
39.000
31.000
56.000
33.000
38.000
52.000
53.000
55.000
63.000
65.000
69.000
73.000
94.000
88.000
60.000
93.000
90.000
63.000
77.000
67.000
85.000
76.000
67.000
58.000
45.000
48.000
32.000
45.000
49.000
39.000
43.000
32.000
25.000
40.000
25.000
37.000
32.000
14.000
20.000
29.000
14.000
31.000
16.000
20.000
30.000
26.000
23.000
44.000
30.000
27.000
28.000
21.000
24.000
28.000
26.000
25.000
25.000
22.000
24.000
29.000
29.000
37.000
35.000
24.000
35.000
32.000
30.000
27.000
28.000
20.000
28.000
30.000
24.000
28.000
41.000
37.000
22.000
34.000
36.000
26.000
29.000
36.000
29.000
30.000
37.000
29.000
25.000
28.000
36.000
28.000
38.000
33.000
42.000
41.000
31.000
38.000
40.000
45.000
34.000
41.000
40.000
50.000
56.000
49.000
55.000
62.000
66.000
69.000
86.000
91.000
105.000
106.000
130.000
116.000
140.000
102.000
160.000
173.000
162.000
136.000
164.000
156.000
162.000
123.000
131.000
126.000
89.000
108.000
62.000
75.000
59.000
47.000
49.000
39.000
44.000
31.000
37.000
38.000
51.000
33.000
38.000
48.000
42.000
46.000
31.000
38.000
29.000
31.000
40.000
33.000
31.000
34.000
38.000
21.000
28.000
40.000
31.000
31.000
23.000
28.000
30.000
24.000
27.000
23.000
32.000
32.000
33.000
27.000
33.000
30.000
30.000
28.000
30.000
28.000
39.000
30.000
28.000
25.000
27.000
31.000
31.000
20.000
31.000
28.000
28.000
28.000
28.000
29.000
25.000
42.000
26.000
34.000
21.000
27.000
28.000
32.000
27.000
26.000
21.000
29.000
25.000
31.000
48.000
33.000
30.000
29.000
22.000
32.000
32.000
23.000
32.000
35.000
28.000
30.000
38.000
32.000
35.000
24.000
23.000
35.000
35.000
38.000
37.000
27.000
33.000
40.000
23.000
35.000
36.000
42.000
49.000
27.000
30.000
21.000
25.000
30.000
32.000
31.000
25.000
33.000
30.000
37.000
20.000
22.000
32.000
25.000
43.000
26.000
26.000
20.000
35.000
33.000
27.000
40.000
30.000
29.000
23.000
32.000
41.000
29.000
36.000
31.000
27.000
32.000
40.000
32.000
24.000
28.000
38.000
26.000
32.000
31.000
23.000
33.000
25.000
23.000
34.000
33.000
30.000
30.000
34.000
34.000
24.000
29.000
37.000
43.000
30.000
36.000
36.000
30.000
42.000
33.000
24.000
29.000
28.000
28.000
24.000
25.000
27.000
26.000
34.000
27.000
34.000
38.000
27.000
33.000
20.000
25.000
26.000
35.000
25.000
35.000
37.000
37.000
35.000
29.000
32.000
26.000
26.000
19.000
24.000
30.000
25.000
25.000
34.000
34.000
39.000
30.000
40.000
41.000
39.000
40.000
37.000
35.000
39.000
43.000
41.000
51.000
49.000
44.000
68.000
58.000
58.000
61.000
61.000
62.000
76.000
75.000
55.000
66.000
70.000
54.000
58.000
45.000
48.000
51.000
42.000
53.000
41.000
45.000
47.000
37.000
36.000
41.000
43.000
42.000
54.000
64.000
57.000
73.000
69.000
96.000
106.000
116.000
174.000
212.000
275.000
274.000
301.000
371.000
389.000
491.000
588.000
663.000
600.000
668.000
675.000
689.000
642.000
719.000
576.000
526.000
445.000
378.000
307.000
246.000
202.000
174.000
138.000
101.000
95.000
74.000
69.000
61.000
55.000
50.000
47.000
43.000
59.000
48.000
50.000
44.000
40.000
34.000
46.000
36.000
34.000
35.000
40.000
35.000
38.000
38.000
33.000
29.000
39.000
50.000
38.000
38.000
27.000
28.000
37.000
39.000
46.000
37.000
40.000
37.000
35.000
38.000
23.000
35.000
34.000
27.000
43.000
34.000
31.000
39.000
39.000
41.000
34.000
43.000
38.000
31.000
31.000
37.000
41.000
44.000
42.000
46.000
41.000
51.000
43.000
42.000
43.000
48.000
43.000
44.000
50.000
33.000
31.000
39.000
36.000
34.000
41.000
36.000
30.000
42.000
33.000
31.000
33.000
39.000
30.000
32.000
34.000
29.000
33.000
29.000
30.000
31.000
31.000
30.000
37.000
32.000
31.000
28.000
25.000
34.000
32.000
35.000
34.000
30.000
22.000
32.000
41.000
26.000
32.000
40.000
37.000
23.000
24.000
21.000
29.000
25.000
33.000
22.000
27.000
32.000
30.000
25.000
32.000
26.000
33.000
22.000
22.000
33.000
22.000
23.000
24.000
36.000
27.000
27.000
30.000
16.000
25.000
33.000
23.000
32.000
24.000
32.000
32.000
35.000
23.000
33.000
24.000
33.000
30.000
28.000
40.000
27.000
36.000
20.000
34.000
28.000
36.000
23.000
25.000
21.000
33.000
28.000
34.000
31.000
25.000
22.000
34.000
30.000
32.000
15.000
27.000
29.000
27.000
36.000
24.000
26.000
34.000
32.000
33.000
29.000
36.000
38.000
25.000
28.000
34.000
28.000
25.000
29.000
36.000
31.000
30.000
24.000
37.000
35.000
29.000
39.000
37.000
25.000
31.000
36.000
23.000
31.000
40.000
42.000
35.000
31.000
34.000
31.000
31.000
30.000
30.000
37.000
41.000
46.000
46.000
48.000
45.000
44.000
50.000
55.000
42.000
38.000
46.000
41.000
58.000
45.000
52.000
33.000
48.000
47.000
54.000
49.000
39.000
34.000
41.000
43.000
33.000
35.000
20.000
25.000
30.000
39.000
33.000
36.000
24.000
26.000
39.000
36.000
27.000
32.000
30.000
27.000
32.000
36.000
26.000
34.000
28.000
27.000
27.000
27.000
32.000
29.000
31.000
36.000
20.000
30.000
21.000
30.000
25.000
27.000
23.000
30.000
37.000
26.000
26.000
34.000
31.000
31.000
28.000
20.000
31.000
35.000
39.000
37.000
27.000
40.000
19.000
38.000
44.000
41.000
42.000
37.000
42.000
41.000
50.000
45.000
53.000
58.000
80.000
70.000
63.000
73.000
88.000
91.000
80.000
112.000
117.000
114.000
133.000
128.000
144.000
124.000
162.000
157.000
164.000
168.000
141.000
134.000
132.000
115.000
100.000
84.000
86.000
80.000
74.000
66.000
68.000
52.000
57.000
56.000
54.000
54.000
56.000
34.000
39.000
50.000
63.000
43.000
54.000
48.000
46.000
54.000
41.000
45.000
66.000
54.000
56.000
48.000
73.000
52.000
45.000
56.000
44.000
59.000
60.000
68.000
60.000
47.000
58.000
46.000
48.000
54.000
56.000
50.000
60.000
49.000
51.000
53.000
33.000
35.000
35.000
39.000
40.000
28.000
29.000
36.000
54.000
27.000
28.000
27.000
30.000
39.000
40.000
36.000
33.000
22.000
35.000
33.000
34.000
27.000
34.000
40.000
38.000
24.000
41.000
47.000
29.000
41.000
48.000
33.000
37.000
37.000
29.000
33.000
33.000
43.000
40.000
38.000
42.000
42.000
55.000
35.000
43.000
47.000
50.000
35.000
54.000
42.000
32.000
48.000
44.000
35.000
28.000
52.000
35.000
37.000
41.000
36.000
42.000
42.000
51.000
43.000
39.000
44.000
52.000
47.000
43.000
39.000
46.000
46.000
39.000
40.000
38.000
43.000
29.000
50.000
34.000
41.000
50.000
41.000
34.000
33.000
36.000
35.000
40.000
37.000
37.000
32.000
27.000
33.000
33.000
31.000
36.000
31.000
31.000
24.000
35.000
33.000
32.000
38.000
46.000
37.000
48.000
33.000
45.000
35.000
31.000
35.000
40.000
46.000
34.000
44.000
44.000
32.000
44.000
42.000
58.000
42.000
55.000
51.000
53.000
49.000
40.000
50.000
54.000
50.000
62.000
56.000
44.000
46.000
48.000
49.000
57.000
52.000
57.000
55.000
54.000
42.000
63.000
66.000
79.000
83.000
89.000
75.000
76.000
100.000
104.000
89.000
95.000
124.000
95.000
106.000
91.000
95.000
86.000
90.000
72.000
83.000
79.000
75.000
73.000
68.000
55.000
42.000
46.000
47.000
29.000
48.000
49.000
41.000
38.000
36.000
33.000
38.000
46.000
34.000
35.000
23.000
23.000
31.000
37.000
24.000
30.000
38.000
32.000
35.000
46.000
23.000
40.000
32.000
37.000
41.000
33.000
34.000
28.000
48.000
29.000
26.000
23.000
24.000
31.000
26.000
29.000
45.000
34.000
23.000
27.000
36.000
30.000
29.000
26.000
34.000
32.000
20.000
31.000
43.000
30.000
38.000
36.000
31.000
30.000
27.000
39.000
33.000
41.000
42.000
34.000
22.000
37.000
30.000
39.000
28.000
25.000
30.000
47.000
21.000
40.000
31.000
44.000
34.000
35.000
26.000
31.000
30.000
26.000
46.000
35.000
31.000
27.000
25.000
28.000
34.000
37.000
30.000
46.000
27.000
24.000
34.000
40.000
33.000
38.000
30.000
28.000
36.000
32.000
32.000
35.000
34.000
38.000
39.000
34.000
35.000
27.000
31.000
31.000
25.000
34.000
28.000
44.000
31.000
35.000
28.000
26.000
32.000
29.000
32.000
31.000
39.000
29.000
26.000
31.000
23.000
40.000
36.000
33.000
42.000
32.000
39.000
40.000
25.000
35.000
32.000
30.000
35.000
