46.000
45.000
47.000
60.000
51.000
40.000
58.000
50.000
59.000
58.000
67.000
42.000
28.000
31.000
30.000
27.000
30.000
30.000
33.000
35.000
38.000
42.000
27.000
24.000
31.000
23.000
33.000
17.000
28.000
23.000
32.000
29.000
34.000
20.000
31.000
27.000
30.000
24.000
22.000
30.000
23.000
31.000
21.000
25.000
36.000
34.000
44.000
38.000
38.000
33.000
35.000
32.000
34.000
41.000
37.000
42.000
41.000
54.000
51.000
44.000
46.000
50.000
43.000
37.000
47.000
40.000
35.000
47.000
36.000
40.000
37.000
31.000
38.000
32.000
35.000
31.000
24.000
36.000
24.000
34.000
37.000
38.000
35.000
35.000
34.000
25.000
29.000
28.000
42.000
37.000
54.000
35.000
31.000
33.000
40.000
43.000
33.000
34.000
28.000
26.000
30.000
29.000
29.000
26.000
26.000
27.000
33.000
32.000
29.000
29.000
32.000
37.000
31.000
30.000
34.000
31.000
20.000
25.000
39.000
28.000
28.000
25.000
34.000
29.000
28.000
28.000
40.000
30.000
31.000
25.000
33.000
32.000
34.000
31.000
30.000
35.000
44.000
31.000
28.000
39.000
23.000
26.000
27.000
26.000
34.000
31.000
35.000
34.000
48.000
32.000
29.000
31.000
37.000
32.000
30.000
27.000
33.000
31.000
31.000
28.000
34.000
23.000
36.000
32.000
31.000
40.000
30.000
41.000
25.000
32.000
28.000
32.000
26.000
41.000
29.000
28.000
35.000
37.000
40.000
36.000
38.000
41.000
33.000
40.000
33.000
38.000
30.000
31.000
34.000
34.000
31.000
29.000
36.000
21.000
43.000
34.000
34.000
30.000
46.000
37.000
33.000
37.000
41.000
32.000
33.000
31.000
43.000
46.000
35.000
36.000
54.000
47.000
54.000
58.000
52.000
49.000
62.000
72.000
80.000
85.000
82.000
88.000
90.000
98.000
110.000
83.000
100.000
92.000
86.000
91.000
100.000
92.000
84.000
70.000
58.000
80.000
59.000
49.000
54.000
53.000
44.000
38.000
36.000
42.000
44.000
35.000
37.000
25.000
26.000
40.000
26.000
36.000
36.000
34.000
37.000
39.000
38.000
47.000
34.000
35.000
29.000
40.000
36.000
33.000
28.000
37.000
39.000
32.000
41.000
37.000
45.000
29.000
23.000
33.000
28.000
36.000
33.000
35.000
40.000
44.000
39.000
38.000
20.000
46.000
31.000
31.000
30.000
39.000
30.000
45.000
33.000
41.000
39.000
36.000
34.000
57.000
42.000
40.000
43.000
30.000
39.000
45.000
42.000
42.000
41.000
42.000
37.000
39.000
37.000
52.000
50.000
54.000
54.000
49.000
58.000
74.000
87.000
68.000
89.000
119.000
101.000
118.000
112.000
121.000
138.000
154.000
169.000
177.000
173.000
194.000
194.000
177.000
189.000
183.000
159.000
151.000
133.000
119.000
107.000
80.000
91.000
54.000
47.000
44.000
49.000
43.000
38.000
36.000
47.000
66.000
29.000
47.000
44.000
35.000
28.000
47.000
39.000
43.000
44.000
41.000
48.000
47.000
31.000
40.000
35.000
46.000
49.000
38.000
41.000
41.000
34.000
45.000
37.000
41.000
38.000
43.000
43.000
45.000
36.000
41.000
30.000
38.000
41.000
35.000
49.000
25.000
25.000
53.000
27.000
30.000
36.000
27.000
35.000
38.000
33.000
34.000
38.000
44.000
32.000
34.000
30.000
48.000
40.000
47.000
36.000
37.000
37.000
46.000
34.000
42.000
38.000
44.000
29.000
41.000
42.000
33.000
32.000
40.000
34.000
31.000
41.000
28.000
32.000
41.000
33.000
38.000
40.000
38.000
39.000
39.000
49.000
32.000
48.000
45.000
46.000
55.000
54.000
32.000
37.000
41.000
45.000
40.000
36.000
29.000
43.000
30.000
37.000
35.000
33.000
47.000
44.000
37.000
45.000
43.000
39.000
37.000
33.000
40.000
33.000
30.000
41.000
36.000
34.000
49.000
30.000
31.000
40.000
42.000
35.000
42.000
41.000
47.000
47.000
41.000
48.000
39.000
37.000
39.000
39.000
39.000
32.000
27.000
27.000
36.000
27.000
33.000
38.000
33.000
38.000
37.000
37.000
34.000
36.000
30.000
32.000
36.000
42.000
29.000
31.000
38.000
50.000
32.000
39.000
33.000
27.000
37.000
41.000
29.000
40.000
26.000
43.000
38.000
32.000
30.000
32.000
41.000
47.000
40.000
44.000
31.000
42.000
38.000
48.000
36.000
27.000
37.000
39.000
33.000
37.000
26.000
33.000
36.000
51.000
46.000
35.000
44.000
37.000
42.000
42.000
39.000
50.000
41.000
55.000
51.000
41.000
37.000
44.000
58.000
56.000
58.000
51.000
49.000
54.000
72.000
73.000
63.000
71.000
78.000
76.000
77.000
67.000
85.000
67.000
61.000
51.000
61.000
71.000
58.000
52.000
52.000
58.000
60.000
50.000
47.000
58.000
52.000
56.000
61.000
74.000
67.000
96.000
92.000
109.000
129.000
145.000
194.000
193.000
249.000
299.000
332.000
354.000
423.000
438.000
502.000
548.000
545.000
529.000
564.000
556.000
511.000
485.000
473.000
425.000
367.000
272.000
258.000
243.000
190.000
171.000
145.000
128.000
103.000
77.000
83.000
81.000
53.000
68.000
52.000
49.000
41.000
55.000
41.000
48.000
47.000
41.000
54.000
40.000
31.000
49.000
49.000
43.000
47.000
52.000
34.000
48.000
46.000
41.000
51.000
39.000
35.000
41.000
39.000
32.000
39.000
34.000
40.000
50.000
52.000
47.000
36.000
43.000
47.000
45.000
42.000
38.000
44.000
41.000
48.000
36.000
41.000
41.000
40.000
33.000
44.000
44.000
32.000
41.000
43.000
48.000
46.000
52.000
48.000
62.000
45.000
48.000
56.000
39.000
42.000
54.000
43.000
37.000
41.000
38.000
54.000
54.000
40.000
39.000
36.000
35.000
34.000
41.000
40.000
39.000
53.000
38.000
33.000
44.000
41.000
39.000
28.000
28.000
31.000
29.000
39.000
38.000
39.000
31.000
36.000
42.000
25.000
43.000
41.000
24.000
36.000
34.000
33.000
40.000
35.000
46.000
43.000
36.000
28.000
39.000
35.000
28.000
44.000
36.000
35.000
43.000
39.000
43.000
47.000
42.000
27.000
34.000
46.000
37.000
34.000
43.000
36.000
33.000
46.000
34.000
33.000
25.000
33.000
36.000
35.000
40.000
31.000
36.000
30.000
38.000
39.000
35.000
29.000
33.000
42.000
29.000
28.000
38.000
40.000
33.000
40.000
50.000
36.000
34.000
27.000
23.000
29.000
39.000
29.000
35.000
33.000
28.000
25.000
27.000
34.000
50.000
40.000
36.000
33.000
40.000
38.000
24.000
34.000
42.000
38.000
43.000
33.000
43.000
34.000
40.000
41.000
40.000
41.000
41.000
32.000
34.000
39.000
42.000
39.000
39.000
40.000
30.000
45.000
32.000
43.000
46.000
35.000
37.000
49.000
50.000
49.000
49.000
38.000
53.000
43.000
47.000
57.000
46.000
52.000
68.000
48.000
57.000
56.000
61.000
52.000
53.000
54.000
62.000
59.000
45.000
48.000
52.000
46.000
43.000
35.000
52.000
51.000
42.000
44.000
32.000
36.000
37.000
36.000
56.000
44.000
40.000
29.000
46.000
33.000
43.000
47.000
35.000
35.000
40.000
40.000
36.000
44.000
28.000
26.000
36.000
40.000
36.000
44.000
43.000
32.000
40.000
44.000
39.000
44.000
36.000
32.000
33.000
55.000
43.000
23.000
43.000
35.000
40.000
34.000
37.000
40.000
47.000
43.000
45.000
43.000
44.000
43.000
38.000
47.000
39.000
42.000
53.000
38.000
48.000
42.000
48.000
57.000
60.000
57.000
61.000
72.000
66.000
91.000
73.000
82.000
97.000
95.000
111.000
132.000
140.000
144.000
145.000
126.000
131.000
145.000
144.000
138.000
135.000
150.000
143.000
179.000
131.000
131.000
106.000
126.000
105.000
102.000
79.000
84.000
73.000
82.000
60.000
68.000
41.000
64.000
57.000
58.000
56.000
55.000
44.000
55.000
53.000
64.000
53.000
60.000
57.000
63.000
53.000
51.000
46.000
63.000
68.000
64.000
56.000
69.000
62.000
57.000
50.000
73.000
70.000
64.000
56.000
62.000
66.000
49.000
60.000
48.000
65.000
41.000
60.000
44.000
60.000
51.000
53.000
34.000
37.000
44.000
46.000
43.000
42.000
33.000
44.000
53.000
47.000
41.000
40.000
37.000
39.000
46.000
46.000
40.000
44.000
46.000
42.000
41.000
38.000
46.000
35.000
40.000
36.000
45.000
41.000
43.000
47.000
48.000
40.000
47.000
54.000
43.000
44.000
45.000
47.000
51.000
41.000
49.000
47.000
50.000
45.000
43.000
44.000
37.000
35.000
42.000
29.000
43.000
43.000
43.000
34.000
38.000
42.000
53.000
45.000
37.000
51.000
49.000
33.000
43.000
39.000
50.000
50.000
48.000
63.000
41.000
43.000
36.000
53.000
53.000
47.000
44.000
40.000
44.000
44.000
45.000
40.000
49.000
39.000
37.000
47.000
43.000
43.000
56.000
39.000
49.000
38.000
42.000
36.000
30.000
35.000
36.000
39.000
27.000
37.000
29.000
38.000
40.000
49.000
56.000
50.000
48.000
38.000
43.000
50.000
58.000
48.000
50.000
46.000
58.000
51.000
42.000
44.000
56.000
58.000
62.000
58.000
57.000
52.000
48.000
55.000
66.000
59.000
55.000
70.000
49.000
52.000
66.000
56.000
63.000
67.000
67.000
67.000
62.000
75.000
68.000
79.000
95.000
86.000
107.000
74.000
101.000
91.000
108.000
86.000
104.000
74.000
104.000
104.000
105.000
96.000
111.000
77.000
65.000
58.000
62.000
81.000
69.000
65.000
54.000
59.000
52.000
35.000
37.000
38.000
49.000
36.000
37.000
32.000
29.000
30.000
43.000
37.000
40.000
42.000
43.000
27.000
40.000
51.000
33.000
34.000
33.000
33.000
30.000
47.000
35.000
41.000
32.000
41.000
32.000
47.000
39.000
31.000
46.000
45.000
23.000
32.000
39.000
45.000
47.000
25.000
32.000
42.000
43.000
33.000
29.000
41.000
33.000
28.000
35.000
37.000
38.000
38.000
49.000
31.000
45.000
49.000
35.000
43.000
52.000
50.000
28.000
36.000
27.000
45.000
32.000
33.000
39.000
38.000
44.000
43.000
52.000
38.000
40.000
32.000
42.000
40.000
43.000
45.000
30.000
47.000
31.000
30.000
45.000
41.000
42.000
33.000
42.000
36.000
39.000
45.000
34.000
37.000
33.000
46.000
34.000
30.000
27.000
37.000
47.000
32.000
40.000
48.000
39.000
49.000
31.000
44.000
31.000
34.000
38.000
33.000
37.000
35.000
46.000
35.000
39.000
35.000
26.000
34.000
32.000
36.000
37.000
35.000
43.000
45.000
35.000
37.000
39.000
32.000
32.000
48.000
45.000
28.000
39.000
52.000
30.000
45.000
46.000
33.000
44.000
