34.000
38.000
46.000
55.000
60.000
53.000
51.000
43.000
38.000
70.000
39.000
25.000
33.000
31.000
33.000
31.000
27.000
40.000
37.000
26.000
26.000
29.000
24.000
32.000
27.000
28.000
28.000
34.000
29.000
30.000
28.000
26.000
21.000
30.000
34.000
33.000
34.000
23.000
29.000
32.000
39.000
36.000
36.000
35.000
35.000
30.000
31.000
25.000
34.000
24.000
21.000
25.000
32.000
32.000
41.000
34.000
31.000
40.000
42.000
32.000
45.000
31.000
29.000
45.000
32.000
33.000
34.000
33.000
43.000
24.000
23.000
27.000
39.000
29.000
29.000
27.000
31.000
24.000
36.000
32.000
25.000
29.000
35.000
33.000
25.000
25.000
35.000
22.000
28.000
22.000
30.000
30.000
36.000
23.000
29.000
27.000
24.000
30.000
28.000
27.000
30.000
41.000
31.000
32.000
27.000
30.000
38.000
29.000
33.000
25.000
32.000
36.000
29.000
33.000
33.000
32.000
29.000
35.000
22.000
24.000
34.000
32.000
32.000
40.000
29.000
16.000
27.000
36.000
27.000
29.000
28.000
28.000
33.000
26.000
27.000
27.000
32.000
33.000
36.000
30.000
37.000
38.000
31.000
33.000
36.000
33.000
33.000
32.000
31.000
24.000
32.000
32.000
25.000
34.000
24.000
26.000
33.000
36.000
29.000
31.000
34.000
34.000
26.000
28.000
36.000
29.000
32.000
33.000
37.000
36.000
28.000
33.000
22.000
26.000
15.000
34.000
36.000
41.000
38.000
28.000
31.000
27.000
22.000
30.000
20.000
28.000
35.000
32.000
39.000
28.000
35.000
30.000
27.000
35.000
35.000
33.000
34.000
32.000
34.000
43.000
26.000
35.000
34.000
37.000
44.000
31.000
41.000
37.000
30.000
41.000
41.000
51.000
41.000
48.000
59.000
50.000
52.000
73.000
69.000
62.000
59.000
97.000
97.000
105.000
86.000
84.000
94.000
99.000
100.000
86.000
66.000
81.000
68.000
60.000
75.000
61.000
52.000
48.000
47.000
56.000
42.000
27.000
35.000
36.000
32.000
33.000
29.000
36.000
32.000
39.000
37.000
33.000
38.000
34.000
44.000
38.000
39.000
32.000
36.000
39.000
36.000
41.000
28.000
42.000
41.000
37.000
38.000
34.000
29.000
44.000
41.000
42.000
33.000
35.000
34.000
40.000
32.000
29.000
41.000
37.000
27.000
47.000
33.000
45.000
46.000
28.000
37.000
39.000
37.000
41.000
34.000
51.000
35.000
47.000
44.000
36.000
36.000
39.000
38.000
37.000
27.000
42.000
43.000
41.000
42.000
47.000
40.000
50.000
45.000
43.000
45.000
61.000
58.000
69.000
58.000
60.000
85.000
84.000
103.000
91.000
108.000
116.000
127.000
117.000
125.000
136.000
160.000
146.000
172.000
159.000
167.000
187.000
177.000
178.000
154.000
174.000
131.000
136.000
101.000
85.000
81.000
75.000
57.000
65.000
49.000
55.000
59.000
51.000
49.000
37.000
40.000
34.000
46.000
30.000
30.000
42.000
36.000
39.000
28.000
37.000
37.000
31.000
31.000
38.000
35.000
19.000
33.000
30.000
33.000
29.000
29.000
30.000
33.000
28.000
45.000
35.000
34.000
41.000
43.000
33.000
43.000
47.000
37.000
25.000
37.000
21.000
34.000
41.000
36.000
37.000
28.000
32.000
39.000
32.000
38.000
38.000
35.000
28.000
38.000
36.000
43.000
44.000
50.000
32.000
42.000
34.000
33.000
27.000
29.000
48.000
41.000
42.000
40.000
39.000
38.000
37.000
39.000
43.000
34.000
41.000
33.000
32.000
38.000
40.000
38.000
31.000
35.000
24.000
44.000
45.000
28.000
38.000
38.000
43.000
34.000
35.000
43.000
40.000
38.000
41.000
39.000
44.000
34.000
31.000
27.000
33.000
34.000
29.000
33.000
40.000
49.000
45.000
43.000
38.000
38.000
19.000
39.000
33.000
34.000
40.000
42.000
34.000
31.000
44.000
43.000
38.000
53.000
45.000
45.000
45.000
44.000
34.000
41.000
42.000
36.000
40.000
47.000
24.000
47.000
43.000
45.000
42.000
38.000
38.000
47.000
34.000
35.000
33.000
37.000
40.000
44.000
37.000
33.000
40.000
39.000
40.000
41.000
36.000
42.000
47.000
39.000
37.000
29.000
39.000
40.000
40.000
42.000
25.000
38.000
36.000
30.000
38.000
37.000
28.000
42.000
31.000
40.000
30.000
36.000
39.000
47.000
41.000
47.000
32.000
41.000
35.000
30.000
40.000
50.000
26.000
46.000
43.000
31.000
41.000
44.000
52.000
40.000
39.000
35.000
37.000
43.000
42.000
49.000
45.000
46.000
45.000
68.000
53.000
46.000
54.000
63.000
57.000
57.000
75.000
57.000
63.000
51.000
53.000
59.000
62.000
89.000
52.000
65.000
70.000
68.000
58.000
60.000
53.000
58.000
65.000
57.000
57.000
53.000
65.000
60.000
33.000
69.000
69.000
78.000
73.000
69.000
92.000
108.000
108.000
135.000
156.000
193.000
237.000
240.000
288.000
358.000
343.000
406.000
413.000
454.000
462.000
502.000
507.000
464.000
480.000
480.000
424.000
434.000
357.000
351.000
291.000
286.000
223.000
213.000
179.000
134.000
137.000
100.000
109.000
95.000
77.000
61.000
77.000
65.000
69.000
51.000
54.000
60.000
70.000
76.000
62.000
61.000
65.000
55.000
56.000
50.000
51.000
52.000
50.000
43.000
53.000
54.000
40.000
58.000
53.000
66.000
45.000
52.000
42.000
56.000
51.000
56.000
53.000
45.000
46.000
59.000
45.000
55.000
57.000
49.000
58.000
58.000
57.000
75.000
61.000
65.000
38.000
46.000
52.000
49.000
52.000
61.000
54.000
41.000
56.000
46.000
53.000
56.000
54.000
70.000
49.000
53.000
50.000
53.000
58.000
52.000
56.000
55.000
44.000
44.000
38.000
37.000
28.000
53.000
39.000
53.000
30.000
42.000
51.000
54.000
46.000
47.000
49.000
39.000
56.000
48.000
49.000
40.000
34.000
43.000
38.000
37.000
38.000
41.000
37.000
38.000
44.000
54.000
46.000
42.000
38.000
30.000
45.000
45.000
34.000
48.000
41.000
34.000
33.000
40.000
35.000
47.000
46.000
35.000
41.000
38.000
33.000
35.000
40.000
33.000
36.000
36.000
42.000
50.000
39.000
43.000
30.000
41.000
45.000
43.000
50.000
40.000
42.000
33.000
34.000
29.000
34.000
51.000
43.000
33.000
30.000
48.000
57.000
48.000
32.000
36.000
43.000
40.000
40.000
39.000
38.000
37.000
34.000
35.000
27.000
34.000
49.000
34.000
36.000
48.000
50.000
36.000
41.000
40.000
37.000
28.000
40.000
39.000
33.000
33.000
29.000
23.000
39.000
42.000
41.000
38.000
42.000
34.000
36.000
45.000
31.000
47.000
35.000
36.000
46.000
40.000
34.000
35.000
36.000
47.000
30.000
38.000
40.000
36.000
35.000
45.000
38.000
29.000
46.000
44.000
39.000
46.000
44.000
46.000
40.000
46.000
47.000
59.000
45.000
48.000
41.000
44.000
53.000
57.000
55.000
58.000
53.000
53.000
59.000
48.000
44.000
43.000
47.000
47.000
33.000
37.000
43.000
45.000
27.000
39.000
29.000
47.000
40.000
39.000
37.000
50.000
38.000
32.000
35.000
36.000
33.000
32.000
36.000
50.000
33.000
29.000
39.000
41.000
39.000
48.000
52.000
44.000
44.000
62.000
45.000
34.000
32.000
38.000
38.000
34.000
53.000
54.000
40.000
51.000
46.000
43.000
36.000
52.000
45.000
42.000
48.000
54.000
50.000
42.000
43.000
59.000
45.000
53.000
55.000
46.000
47.000
55.000
62.000
61.000
71.000
70.000
64.000
76.000
55.000
85.000
65.000
85.000
98.000
128.000
121.000
109.000
134.000
135.000
138.000
129.000
144.000
155.000
137.000
153.000
146.000
136.000
130.000
143.000
136.000
147.000
110.000
142.000
127.000
124.000
98.000
83.000
103.000
94.000
85.000
74.000
74.000
68.000
48.000
51.000
55.000
61.000
40.000
52.000
63.000
55.000
59.000
40.000
46.000
51.000
53.000
53.000
53.000
57.000
64.000
47.000
63.000
65.000
62.000
40.000
48.000
60.000
60.000
59.000
62.000
58.000
53.000
46.000
52.000
55.000
50.000
59.000
52.000
56.000
59.000
54.000
43.000
52.000
39.000
50.000
40.000
47.000
42.000
46.000
44.000
40.000
37.000
37.000
61.000
40.000
50.000
34.000
47.000
41.000
39.000
47.000
43.000
43.000
41.000
52.000
51.000
53.000
37.000
45.000
43.000
33.000
38.000
42.000
35.000
41.000
39.000
38.000
42.000
47.000
38.000
61.000
43.000
46.000
45.000
39.000
44.000
52.000
47.000
45.000
51.000
43.000
42.000
50.000
53.000
43.000
50.000
40.000
37.000
32.000
45.000
48.000
49.000
42.000
46.000
52.000
52.000
53.000
49.000
39.000
55.000
44.000
39.000
52.000
48.000
56.000
49.000
47.000
46.000
32.000
39.000
51.000
40.000
32.000
40.000
40.000
44.000
44.000
41.000
47.000
44.000
43.000
39.000
34.000
41.000
48.000
44.000
38.000
38.000
46.000
43.000
30.000
26.000
47.000
38.000
38.000
41.000
48.000
49.000
36.000
42.000
41.000
36.000
42.000
31.000
48.000
46.000
49.000
58.000
52.000
63.000
48.000
62.000
41.000
58.000
59.000
49.000
62.000
58.000
55.000
51.000
59.000
53.000
62.000
55.000
56.000
63.000
52.000
64.000
80.000
63.000
75.000
70.000
83.000
88.000
82.000
76.000
79.000
81.000
90.000
93.000
91.000
88.000
85.000
103.000
87.000
98.000
91.000
74.000
75.000
74.000
80.000
77.000
79.000
80.000
78.000
57.000
47.000
54.000
39.000
43.000
46.000
39.000
44.000
45.000
46.000
42.000
52.000
47.000
40.000
50.000
38.000
39.000
31.000
44.000
48.000
44.000
46.000
37.000
45.000
40.000
37.000
42.000
45.000
49.000
41.000
57.000
47.000
50.000
34.000
35.000
43.000
48.000
40.000
47.000
34.000
50.000
44.000
42.000
39.000
43.000
34.000
30.000
49.000
47.000
42.000
37.000
50.000
53.000
42.000
51.000
36.000
42.000
40.000
40.000
36.000
37.000
42.000
43.000
28.000
42.000
41.000
48.000
26.000
43.000
38.000
35.000
39.000
36.000
38.000
31.000
49.000
38.000
40.000
44.000
33.000
36.000
39.000
38.000
40.000
41.000
60.000
48.000
47.000
44.000
40.000
44.000
27.000
38.000
44.000
31.000
46.000
37.000
44.000
48.000
41.000
37.000
46.000
47.000
30.000
45.000
31.000
33.000
37.000
40.000
44.000
57.000
37.000
40.000
42.000
39.000
42.000
46.000
47.000
40.000
42.000
37.000
30.000
36.000
51.000
36.000
46.000
45.000
48.000
36.000
38.000
40.000
43.000
43.000
41.000
47.000
41.000
35.000
49.000
39.000
50.000
42.000
