36.000
43.000
47.000
45.000
60.000
37.000
27.000
26.000
22.000
36.000
43.000
38.000
36.000
26.000
30.000
29.000
35.000
29.000
24.000
28.000
32.000
32.000
30.000
23.000
15.000
17.000
25.000
22.000
25.000
17.000
24.000
25.000
25.000
22.000
27.000
20.000
25.000
32.000
29.000
23.000
29.000
29.000
25.000
31.000
26.000
32.000
36.000
29.000
38.000
35.000
37.000
35.000
37.000
35.000
39.000
40.000
35.000
52.000
44.000
37.000
38.000
37.000
46.000
39.000
44.000
30.000
32.000
33.000
39.000
44.000
25.000
32.000
32.000
20.000
30.000
25.000
25.000
21.000
26.000
18.000
28.000
24.000
24.000
27.000
30.000
23.000
27.000
30.000
33.000
33.000
18.000
28.000
24.000
33.000
29.000
21.000
35.000
24.000
23.000
23.000
23.000
36.000
22.000
20.000
23.000
19.000
26.000
22.000
28.000
31.000
26.000
35.000
25.000
24.000
28.000
26.000
36.000
23.000
22.000
28.000
35.000
29.000
20.000
27.000
30.000
37.000
28.000
16.000
24.000
23.000
30.000
29.000
24.000
23.000
37.000
27.000
28.000
19.000
30.000
20.000
30.000
23.000
23.000
23.000
27.000
35.000
34.000
25.000
20.000
29.000
23.000
24.000
28.000
34.000
28.000
28.000
27.000
33.000
19.000
32.000
34.000
27.000
25.000
29.000
26.000
25.000
34.000
15.000
35.000
25.000
36.000
29.000
32.000
24.000
26.000
21.000
30.000
35.000
25.000
35.000
33.000
22.000
32.000
33.000
36.000
27.000
32.000
21.000
31.000
28.000
22.000
27.000
25.000
29.000
29.000
22.000
21.000
27.000
33.000
26.000
32.000
34.000
21.000
30.000
37.000
29.000
46.000
37.000
40.000
44.000
43.000
49.000
58.000
49.000
52.000
60.000
69.000
61.000
88.000
102.000
94.000
94.000
88.000
105.000
100.000
95.000
91.000
101.000
97.000
95.000
103.000
74.000
90.000
65.000
60.000
52.000
64.000
51.000
28.000
30.000
34.000
27.000
34.000
38.000
26.000
34.000
29.000
28.000
27.000
26.000
22.000
21.000
26.000
27.000
33.000
34.000
29.000
23.000
24.000
44.000
32.000
36.000
26.000
27.000
35.000
32.000
30.000
33.000
31.000
37.000
24.000
32.000
33.000
32.000
30.000
32.000
18.000
40.000
35.000
24.000
32.000
25.000
15.000
27.000
35.000
31.000
28.000
38.000
34.000
41.000
34.000
26.000
30.000
30.000
42.000
41.000
43.000
42.000
36.000
43.000
31.000
43.000
37.000
35.000
39.000
46.000
44.000
51.000
44.000
45.000
58.000
48.000
55.000
59.000
57.000
59.000
78.000
90.000
83.000
87.000
116.000
141.000
137.000
165.000
159.000
149.000
171.000
192.000
192.000
187.000
194.000
167.000
183.000
178.000
172.000
126.000
111.000
112.000
97.000
80.000
83.000
59.000
65.000
52.000
33.000
35.000
36.000
35.000
27.000
40.000
33.000
37.000
45.000
43.000
35.000
40.000
39.000
37.000
37.000
41.000
44.000
31.000
18.000
33.000
39.000
35.000
23.000
32.000
31.000
30.000
49.000
33.000
27.000
33.000
38.000
35.000
30.000
26.000
36.000
35.000
28.000
37.000
31.000
20.000
36.000
33.000
23.000
35.000
29.000
32.000
21.000
29.000
29.000
33.000
40.000
26.000
25.000
32.000
34.000
38.000
26.000
31.000
36.000
30.000
18.000
24.000
21.000
24.000
32.000
24.000
38.000
42.000
30.000
38.000
37.000
33.000
38.000
34.000
30.000
33.000
31.000
30.000
25.000
32.000
32.000
31.000
33.000
37.000
26.000
44.000
40.000
31.000
32.000
30.000
34.000
40.000
32.000
30.000
33.000
42.000
29.000
29.000
35.000
33.000
29.000
32.000
40.000
38.000
29.000
33.000
41.000
29.000
34.000
39.000
26.000
32.000
26.000
35.000
25.000
29.000
35.000
38.000
34.000
39.000
41.000
23.000
51.000
38.000
34.000
37.000
31.000
41.000
36.000
27.000
31.000
23.000
35.000
26.000
29.000
36.000
16.000
35.000
22.000
22.000
28.000
24.000
23.000
38.000
28.000
35.000
23.000
29.000
33.000
43.000
35.000
37.000
36.000
35.000
26.000
33.000
30.000
29.000
29.000
28.000
34.000
28.000
31.000
24.000
31.000
33.000
26.000
35.000
42.000
27.000
30.000
32.000
21.000
33.000
35.000
27.000
35.000
32.000
30.000
44.000
34.000
39.000
35.000
29.000
30.000
27.000
33.000
36.000
38.000
28.000
39.000
41.000
44.000
39.000
41.000
48.000
45.000
48.000
30.000
35.000
47.000
36.000
36.000
52.000
47.000
46.000
58.000
50.000
42.000
54.000
59.000
71.000
62.000
68.000
63.000
59.000
58.000
62.000
55.000
61.000
56.000
56.000
40.000
49.000
48.000
45.000
39.000
51.000
40.000
26.000
48.000
56.000
50.000
68.000
46.000
58.000
78.000
80.000
76.000
116.000
126.000
145.000
154.000
170.000
202.000
209.000
282.000
263.000
309.000
353.000
362.000
328.000
349.000
372.000
359.000
370.000
335.000
316.000
291.000
287.000
249.000
212.000
190.000
164.000
131.000
128.000
104.000
110.000
94.000
77.000
75.000
46.000
49.000
38.000
54.000
43.000
38.000
33.000
35.000
52.000
43.000
33.000
33.000
32.000
41.000
35.000
25.000
19.000
39.000
26.000
39.000
38.000
39.000
34.000
39.000
34.000
37.000
40.000
21.000
33.000
19.000
36.000
37.000
37.000
47.000
36.000
34.000
50.000
29.000
47.000
33.000
30.000
29.000
43.000
36.000
31.000
35.000
40.000
48.000
31.000
51.000
42.000
48.000
48.000
53.000
42.000
44.000
44.000
47.000
34.000
46.000
41.000
48.000
47.000
47.000
43.000
25.000
39.000
33.000
37.000
28.000
31.000
45.000
45.000
26.000
29.000
34.000
30.000
27.000
39.000
39.000
28.000
28.000
20.000
24.000
30.000
38.000
31.000
27.000
19.000
37.000
25.000
32.000
29.000
19.000
22.000
45.000
30.000
33.000
32.000
29.000
26.000
31.000
17.000
32.000
33.000
24.000
29.000
30.000
36.000
33.000
34.000
33.000
30.000
35.000
44.000
29.000
29.000
27.000
30.000
30.000
35.000
38.000
21.000
29.000
33.000
32.000
37.000
31.000
35.000
26.000
37.000
39.000
29.000
36.000
24.000
26.000
40.000
33.000
25.000
30.000
39.000
31.000
45.000
39.000
33.000
26.000
36.000
26.000
37.000
40.000
37.000
33.000
30.000
23.000
30.000
29.000
26.000
28.000
35.000
30.000
25.000
28.000
34.000
29.000
17.000
28.000
26.000
30.000
26.000
31.000
28.000
38.000
40.000
25.000
36.000
34.000
39.000
34.000
31.000
34.000
27.000
38.000
35.000
32.000
40.000
27.000
38.000
40.000
35.000
34.000
41.000
34.000
38.000
36.000
26.000
48.000
37.000
40.000
35.000
43.000
54.000
50.000
44.000
58.000
43.000
55.000
51.000
55.000
50.000
65.000
59.000
40.000
39.000
47.000
46.000
49.000
44.000
53.000
50.000
52.000
54.000
53.000
40.000
46.000
54.000
36.000
36.000
32.000
47.000
33.000
41.000
32.000
40.000
35.000
40.000
35.000
31.000
37.000
45.000
42.000
30.000
33.000
26.000
29.000
32.000
40.000
23.000
32.000
35.000
38.000
30.000
48.000
43.000
31.000
40.000
26.000
46.000
22.000
37.000
30.000
42.000
32.000
39.000
35.000
27.000
33.000
45.000
41.000
32.000
36.000
42.000
32.000
35.000
42.000
45.000
29.000
47.000
53.000
30.000
37.000
54.000
56.000
53.000
56.000
55.000
53.000
82.000
65.000
68.000
76.000
62.000
64.000
71.000
95.000
108.000
71.000
125.000
101.000
97.000
116.000
119.000
113.000
129.000
111.000
133.000
142.000
118.000
134.000
103.000
127.000
129.000
101.000
94.000
87.000
90.000
63.000
74.000
69.000
75.000
55.000
74.000
71.000
61.000
55.000
46.000
64.000
62.000
49.000
46.000
56.000
53.000
57.000
61.000
59.000
55.000
52.000
59.000
56.000
58.000
80.000
51.000
55.000
77.000
66.000
64.000
78.000
70.000
67.000
54.000
67.000
64.000
58.000
68.000
63.000
55.000
56.000
50.000
54.000
54.000
53.000
53.000
52.000
42.000
49.000
44.000
38.000
52.000
28.000
36.000
54.000
40.000
37.000
31.000
39.000
38.000
40.000
38.000
37.000
39.000
40.000
47.000
39.000
29.000
40.000
43.000
38.000
48.000
40.000
39.000
44.000
37.000
39.000
38.000
26.000
39.000
34.000
33.000
41.000
37.000
34.000
46.000
37.000
43.000
35.000
40.000
48.000
43.000
52.000
38.000
31.000
43.000
45.000
31.000
44.000
39.000
41.000
36.000
51.000
47.000
41.000
35.000
43.000
51.000
33.000
29.000
42.000
41.000
47.000
42.000
45.000
61.000
43.000
30.000
45.000
35.000
42.000
34.000
43.000
51.000
52.000
50.000
49.000
42.000
40.000
37.000
36.000
40.000
35.000
34.000
35.000
36.000
38.000
34.000
44.000
35.000
39.000
27.000
35.000
42.000
41.000
41.000
44.000
30.000
30.000
25.000
36.000
41.000
30.000
34.000
45.000
32.000
51.000
42.000
53.000
38.000
52.000
55.000
48.000
56.000
65.000
50.000
56.000
57.000
62.000
57.000
59.000
65.000
56.000
45.000
66.000
46.000
50.000
70.000
62.000
73.000
62.000
62.000
65.000
85.000
75.000
73.000
61.000
85.000
88.000
95.000
88.000
95.000
110.000
83.000
107.000
84.000
103.000
97.000
107.000
104.000
99.000
98.000
87.000
82.000
78.000
64.000
92.000
63.000
65.000
61.000
66.000
46.000
55.000
38.000
51.000
48.000
37.000
36.000
43.000
48.000
38.000
35.000
36.000
28.000
40.000
39.000
41.000
35.000
39.000
36.000
42.000
35.000
41.000
31.000
38.000
31.000
32.000
37.000
39.000
35.000
34.000
28.000
39.000
37.000
23.000
44.000
35.000
48.000
35.000
33.000
29.000
38.000
57.000
32.000
29.000
44.000
32.000
49.000
32.000
32.000
44.000
36.000
42.000
39.000
28.000
28.000
45.000
33.000
39.000
44.000
37.000
31.000
42.000
31.000
36.000
32.000
33.000
42.000
25.000
47.000
38.000
39.000
38.000
29.000
32.000
28.000
36.000
32.000
35.000
27.000
27.000
38.000
35.000
46.000
42.000
30.000
41.000
36.000
41.000
27.000
32.000
32.000
36.000
36.000
32.000
37.000
33.000
35.000
30.000
43.000
40.000
38.000
40.000
29.000
31.000
42.000
34.000
27.000
23.000
37.000
31.000
35.000
42.000
31.000
38.000
20.000
35.000
45.000
39.000
36.000
27.000
29.000
50.000
40.000
39.000
30.000
42.000
45.000
37.000
35.000
39.000
35.000
35.000
33.000
37.000
49.000
40.000
32.000
47.000
35.000
