27.000
41.000
44.000
36.000
46.000
38.000
63.000
26.000
24.000
23.000
35.000
19.000
22.000
24.000
16.000
22.000
21.000
22.000
20.000
15.000
26.000
21.000
19.000
22.000
28.000
28.000
8.000
17.000
23.000
21.000
22.000
17.000
15.000
21.000
23.000
24.000
28.000
25.000
24.000
24.000
23.000
31.000
29.000
29.000
21.000
32.000
20.000
23.000
25.000
29.000
30.000
36.000
31.000
36.000
35.000
28.000
21.000
31.000
41.000
31.000
29.000
35.000
36.000
25.000
32.000
35.000
37.000
37.000
23.000
27.000
17.000
28.000
26.000
26.000
33.000
25.000
17.000
23.000
24.000
25.000
31.000
20.000
26.000
28.000
27.000
20.000
22.000
26.000
21.000
29.000
20.000
25.000
34.000
20.000
23.000
18.000
30.000
21.000
21.000
30.000
22.000
25.000
23.000
17.000
24.000
21.000
20.000
18.000
24.000
18.000
25.000
17.000
19.000
18.000
23.000
23.000
27.000
14.000
30.000
27.000
25.000
22.000
24.000
23.000
25.000
29.000
25.000
20.000
30.000
21.000
26.000
33.000
29.000
28.000
20.000
30.000
30.000
21.000
23.000
21.000
25.000
26.000
25.000
30.000
38.000
21.000
23.000
24.000
17.000
20.000
24.000
25.000
24.000
22.000
14.000
22.000
27.000
29.000
24.000
27.000
27.000
28.000
25.000
29.000
27.000
23.000
29.000
26.000
23.000
39.000
20.000
21.000
30.000
19.000
33.000
29.000
32.000
24.000
31.000
32.000
35.000
24.000
26.000
29.000
30.000
33.000
23.000
30.000
26.000
32.000
25.000
29.000
30.000
29.000
27.000
23.000
34.000
30.000
29.000
16.000
27.000
24.000
20.000
29.000
33.000
29.000
19.000
45.000
47.000
35.000
37.000
37.000
55.000
50.000
67.000
61.000
59.000
61.000
69.000
68.000
64.000
77.000
74.000
66.000
81.000
95.000
72.000
74.000
91.000
63.000
69.000
50.000
54.000
66.000
51.000
46.000
37.000
33.000
41.000
28.000
23.000
36.000
33.000
30.000
19.000
32.000
29.000
35.000
23.000
22.000
26.000
32.000
27.000
28.000
33.000
34.000
28.000
26.000
20.000
24.000
26.000
29.000
22.000
27.000
41.000
32.000
26.000
29.000
27.000
27.000
41.000
24.000
29.000
31.000
22.000
27.000
27.000
35.000
30.000
34.000
31.000
28.000
28.000
32.000
31.000
27.000
34.000
35.000
26.000
32.000
43.000
30.000
30.000
29.000
31.000
40.000
34.000
44.000
35.000
42.000
27.000
25.000
42.000
36.000
37.000
32.000
39.000
30.000
35.000
43.000
42.000
54.000
49.000
63.000
65.000
54.000
71.000
74.000
80.000
78.000
77.000
116.000
120.000
121.000
104.000
165.000
148.000
134.000
138.000
158.000
110.000
127.000
140.000
121.000
106.000
89.000
83.000
87.000
85.000
75.000
44.000
51.000
57.000
49.000
37.000
43.000
41.000
36.000
32.000
49.000
29.000
40.000
26.000
26.000
39.000
44.000
31.000
42.000
18.000
34.000
31.000
25.000
35.000
33.000
30.000
30.000
26.000
29.000
31.000
32.000
29.000
30.000
24.000
35.000
34.000
36.000
30.000
46.000
27.000
27.000
27.000
25.000
28.000
25.000
25.000
18.000
36.000
30.000
36.000
24.000
25.000
30.000
26.000
36.000
29.000
20.000
30.000
21.000
37.000
24.000
31.000
38.000
30.000
28.000
38.000
42.000
23.000
38.000
24.000
30.000
32.000
36.000
24.000
32.000
32.000
30.000
39.000
26.000
34.000
40.000
34.000
35.000
25.000
33.000
37.000
25.000
42.000
48.000
35.000
28.000
43.000
20.000
27.000
32.000
38.000
29.000
35.000
36.000
34.000
29.000
24.000
48.000
46.000
26.000
39.000
30.000
33.000
39.000
24.000
31.000
39.000
27.000
27.000
26.000
26.000
37.000
37.000
41.000
29.000
25.000
35.000
33.000
27.000
29.000
31.000
31.000
27.000
37.000
37.000
37.000
32.000
30.000
25.000
39.000
33.000
43.000
40.000
21.000
35.000
38.000
25.000
36.000
47.000
24.000
30.000
35.000
32.000
30.000
27.000
27.000
15.000
35.000
35.000
22.000
39.000
33.000
37.000
31.000
44.000
25.000
34.000
41.000
25.000
23.000
35.000
33.000
29.000
23.000
36.000
31.000
31.000
32.000
34.000
25.000
37.000
31.000
39.000
35.000
24.000
35.000
23.000
36.000
27.000
29.000
36.000
38.000
27.000
31.000
29.000
40.000
21.000
17.000
32.000
44.000
31.000
34.000
35.000
37.000
29.000
41.000
42.000
38.000
55.000
38.000
33.000
43.000
48.000
40.000
47.000
46.000
31.000
54.000
48.000
50.000
62.000
60.000
71.000
42.000
45.000
47.000
61.000
53.000
50.000
56.000
57.000
51.000
44.000
40.000
66.000
38.000
45.000
49.000
43.000
43.000
45.000
54.000
58.000
56.000
47.000
67.000
73.000
93.000
82.000
110.000
118.000
175.000
175.000
204.000
225.000
227.000
314.000
310.000
308.000
326.000
341.000
339.000
326.000
341.000
346.000
319.000
271.000
288.000
253.000
213.000
189.000
165.000
139.000
107.000
95.000
92.000
63.000
68.000
58.000
46.000
58.000
41.000
42.000
41.000
43.000
31.000
50.000
34.000
38.000
34.000
30.000
39.000
44.000
36.000
36.000
37.000
33.000
31.000
37.000
21.000
30.000
35.000
35.000
46.000
26.000
41.000
30.000
39.000
38.000
34.000
34.000
33.000
33.000
26.000
37.000
38.000
30.000
32.000
42.000
27.000
41.000
39.000
28.000
31.000
30.000
42.000
35.000
36.000
45.000
30.000
49.000
37.000
46.000
40.000
31.000
44.000
42.000
47.000
43.000
54.000
39.000
38.000
39.000
47.000
43.000
37.000
32.000
45.000
46.000
38.000
39.000
42.000
43.000
36.000
34.000
36.000
40.000
44.000
31.000
27.000
24.000
42.000
35.000
31.000
39.000
29.000
44.000
30.000
24.000
35.000
27.000
32.000
27.000
27.000
28.000
32.000
33.000
39.000
33.000
28.000
36.000
43.000
31.000
29.000
32.000
30.000
25.000
27.000
36.000
25.000
36.000
38.000
28.000
41.000
40.000
27.000
32.000
19.000
25.000
27.000
29.000
35.000
34.000
37.000
27.000
43.000
36.000
29.000
37.000
21.000
38.000
23.000
30.000
30.000
29.000
47.000
24.000
36.000
31.000
36.000
25.000
32.000
41.000
32.000
33.000
30.000
38.000
39.000
35.000
31.000
33.000
17.000
26.000
29.000
37.000
26.000
31.000
28.000
34.000
27.000
34.000
34.000
23.000
39.000
34.000
21.000
38.000
34.000
31.000
36.000
30.000
35.000
27.000
31.000
25.000
31.000
28.000
26.000
25.000
23.000
44.000
44.000
30.000
32.000
37.000
39.000
24.000
44.000
41.000
36.000
33.000
33.000
34.000
36.000
39.000
48.000
48.000
47.000
45.000
39.000
35.000
58.000
43.000
47.000
44.000
61.000
59.000
64.000
45.000
65.000
54.000
53.000
50.000
66.000
46.000
60.000
51.000
51.000
61.000
41.000
42.000
38.000
52.000
32.000
35.000
36.000
29.000
33.000
31.000
42.000
30.000
35.000
46.000
31.000
31.000
27.000
26.000
36.000
26.000
43.000
33.000
30.000
32.000
43.000
35.000
28.000
34.000
40.000
34.000
34.000
31.000
36.000
35.000
36.000
41.000
24.000
46.000
36.000
30.000
44.000
35.000
34.000
50.000
39.000
44.000
36.000
32.000
45.000
26.000
33.000
42.000
34.000
32.000
46.000
34.000
43.000
39.000
39.000
32.000
38.000
46.000
55.000
34.000
42.000
40.000
52.000
63.000
47.000
64.000
61.000
87.000
69.000
75.000
84.000
113.000
82.000
114.000
111.000
112.000
115.000
103.000
115.000
113.000
126.000
113.000
119.000
115.000
110.000
104.000
125.000
78.000
96.000
86.000
75.000
88.000
78.000
77.000
69.000
64.000
78.000
54.000
47.000
51.000
38.000
44.000
46.000
33.000
55.000
45.000
48.000
34.000
57.000
36.000
58.000
55.000
57.000
51.000
73.000
77.000
65.000
67.000
59.000
53.000
50.000
49.000
59.000
66.000
51.000
57.000
64.000
62.000
58.000
38.000
63.000
50.000
44.000
47.000
54.000
53.000
48.000
54.000
46.000
37.000
38.000
34.000
30.000
44.000
44.000
35.000
34.000
46.000
40.000
39.000
36.000
37.000
34.000
35.000
32.000
35.000
18.000
41.000
42.000
35.000
42.000
35.000
47.000
31.000
26.000
23.000
30.000
42.000
27.000
42.000
40.000
38.000
40.000
46.000
50.000
46.000
39.000
34.000
32.000
37.000
42.000
56.000
33.000
39.000
48.000
25.000
41.000
37.000
41.000
52.000
25.000
42.000
40.000
44.000
47.000
35.000
43.000
47.000
40.000
36.000
31.000
40.000
40.000
51.000
43.000
36.000
47.000
33.000
38.000
44.000
33.000
47.000
46.000
41.000
37.000
46.000
41.000
38.000
37.000
49.000
33.000
47.000
37.000
38.000
40.000
33.000
42.000
35.000
30.000
35.000
33.000
24.000
35.000
31.000
31.000
38.000
34.000
33.000
33.000
41.000
27.000
38.000
37.000
36.000
37.000
34.000
33.000
27.000
32.000
45.000
48.000
43.000
42.000
46.000
61.000
53.000
52.000
50.000
60.000
56.000
63.000
58.000
54.000
63.000
48.000
49.000
54.000
59.000
65.000
39.000
58.000
49.000
55.000
46.000
73.000
76.000
75.000
82.000
84.000
88.000
76.000
94.000
75.000
71.000
104.000
97.000
84.000
104.000
88.000
68.000
89.000
84.000
70.000
82.000
84.000
74.000
71.000
60.000
59.000
78.000
51.000
56.000
41.000
51.000
50.000
56.000
51.000
36.000
42.000
37.000
37.000
44.000
50.000
31.000
39.000
31.000
27.000
34.000
35.000
36.000
28.000
32.000
46.000
30.000
48.000
41.000
32.000
37.000
28.000
26.000
31.000
33.000
37.000
37.000
35.000
33.000
41.000
35.000
38.000
37.000
39.000
32.000
41.000
29.000
29.000
33.000
35.000
43.000
42.000
32.000
32.000
34.000
40.000
28.000
21.000
53.000
33.000
32.000
36.000
42.000
35.000
39.000
41.000
37.000
41.000
41.000
36.000
36.000
32.000
40.000
32.000
33.000
36.000
34.000
34.000
29.000
36.000
45.000
37.000
35.000
35.000
40.000
44.000
46.000
38.000
43.000
34.000
33.000
34.000
39.000
45.000
35.000
32.000
31.000
27.000
36.000
47.000
28.000
20.000
38.000
30.000
34.000
28.000
35.000
35.000
38.000
35.000
33.000
29.000
33.000
35.000
32.000
36.000
39.000
31.000
28.000
34.000
41.000
43.000
36.000
35.000
37.000
37.000
35.000
34.000
27.000
33.000
38.000
31.000
33.000
28.000
35.000
33.000
27.000
39.000
34.000
42.000
32.000
41.000
35.000
47.000
35.000
35.000
