0 3646
1 2926
2 3042
3 3260
4 3280
5 3360
6 3272
7 3417
8 3470
9 3512
10 3409
11 3358
12 3492
13 3500
14 3491
15 3563
16 3449
17 3570
18 3631
19 3699
20 3609
21 3555
22 3615
23 3510
24 3469
25 3609
26 3503
27 3464
28 3576
29 3521
30 3475
31 3425
32 3583
33 3449
34 3522
35 3535
36 3448
37 3576
38 3553
39 3477
40 3581
41 3491
42 3686
43 3683
44 3546
45 3476
46 3500
47 3538
48 3478
49 3538
50 3719
51 3617
52 3612
53 3532
54 3641
55 3602
56 3543
57 3603
58 3486
59 3523
60 3555
61 3473
62 3559
63 3646
64 3526
65 3604
66 3558
67 3546
68 3395
69 3401
70 3450
71 3452
72 3547
73 3420
74 3390
75 3387
76 3429
77 3291
78 3307
79 3348
80 3364
81 3511
82 3406
83 3524
84 3500
85 3467
86 3559
87 3500
88 3560
89 3559
90 3524
91 3720
92 3611
93 3592
94 3550
95 3670
96 3637
97 3918
98 3937
99 3974
100 3894
101 4034
102 4069
103 4126
104 4118
105 4315
106 4362
107 4398
108 4628
109 4617
110 4577
111 4720
112 4880
113 4918
114 4715
115 4754
116 4772
117 4439
118 4468
119 4419
120 4339
121 4300
122 4149
123 3978
124 4048
125 3806
126 3842
127 3818
128 3611
129 3646
130 3696
131 3586
132 3665
133 3610
134 3625
135 3588
136 3532
137 3620
138 3550
139 3500
140 3705
141 3529
142 3380
143 3658
144 3619
145 3603
146 3595
147 3629
148 3600
149 3499
150 3578
151 3557
152 3539
153 3528
154 3432
155 3436
156 3432
157 3469
158 3453
159 3448
160 3479
161 3459
162 3449
163 3363
164 3348
165 3466
166 3428
167 3455
168 3451
169 3452
170 3433
171 3365
172 3397
173 3308
174 3456
175 3472
176 3331
177 3324
178 3265
179 3395
180 3336
181 3383
182 3294
183 3360
184 3417
185 3242
186 3260
187 3264
188 3332
189 3352
190 3261
191 3329
192 3298
193 3340
194 3344
195 3346
196 3213
197 3346
198 3244
199 3282
200 3309
201 3297
202 3421
203 3306
204 3271
205 3407
206 3415
207 3518
208 3341
209 3545
210 3285
211 3510
212 3482
213 3573
214 3439
215 3407
216 3383
217 3467
218 3413
219 3448
220 3318
221 3396
222 3444
223 3334
224 3327
225 3375
226 3556
227 3314
228 3331
229 3345
230 3386
231 3282
232 3337
233 3383
234 3397
235 3394
236 3437
237 3461
238 3451
239 3479
240 3483
241 3394
242 3578
243 3470
244 3470
245 3477
246 3607
247 3570
248 3504
249 3652
250 3708
251 3667
252 3622
253 3681
254 3668
255 3848
256 3835
257 4116
258 4139
259 4387
260 4365
261 4393
262 4430
263 4272
264 4282
265 4324
266 4341
267 4148
268 4113
269 3975
270 3779
271 3860
272 3712
273 3577
274 3599
275 3425
276 3405
277 3504
278 3536
279 3612
280 3537
281 3483
282 3670
283 3353
284 3663
285 3476
286 3542
287 3450
288 3531
289 3534
290 3616
291 3531
292 3609
293 3523
294 3673
295 3649
296 3534
297 3569
298 3562
299 3632
300 3589
301 3599
302 3679
303 3548
304 3508
305 3511
306 3394
307 3388
308 3367
309 3300
310 3411
311 3307
312 3357
313 3277
314 3375
315 3254
316 3252
317 3391
318 3453
319 3373
320 3279
321 3330
322 3340
323 3249
324 3077
325 3382
326 3355
327 3337
328 3237
329 3377
330 3330
331 3268
332 3182
333 3335
334 3299
335 3293
336 3396
337 3369
338 3287
339 3513
340 3416
341 3502
342 3526
343 3525
344 3586
345 3701
346 3703
347 3851
348 3803
349 3835
350 3917
351 4070
352 4109
353 4172
354 4453
355 4682
356 5193
357 5535
358 6068
359 6740
360 7527
361 8895
362 10594
363 11979
364 13405
365 14530
366 15405
367 15752
368 16636
369 16684
370 18104
371 19644
372 21037
373 22963
374 25569
375 28359
376 32668
377 36998
378 44046
379 52105
380 57749
381 60798
382 65668
383 67163
384 66886
385 63272
386 58640
387 54130
388 48976
389 43253
390 34288
391 26967
392 20157
393 15592
394 10217
395 7889
396 6124
397 5360
398 4819
399 4531
400 4400
401 4339
402 4074
403 4135
404 4037
405 4077
406 3829
407 3893
408 3741
409 3758
410 3792
411 3662
412 3752
413 3711
414 3646
415 3636
416 3729
417 3594
418 3642
419 3628
420 3551
421 3490
422 3623
423 3531
424 3572
425 3545
426 3529
427 3410
428 3532
429 3461
430 3529
431 3414
432 3475
433 3533
434 3492
435 3500
436 3414
437 3411
438 3694
439 3435
440 3527
441 3560
442 3525
443 3518
444 3661
445 3772
446 3958
447 3786
448 3847
449 3942
450 4074
451 4102
452 4170
453 4257
454 4474
455 4492
456 4329
457 4376
458 4430
459 4376
460 4466
461 4413
462 4361
463 4240
464 3982
465 3833
466 3699
467 3623
468 3590
469 3357
470 3443
471 3282
472 3119
473 3121
474 3061
475 2977
476 2946
477 2952
478 3075
479 3195
480 3050
481 2984
482 3067
483 3045
484 3047
485 2946
486 2951
487 2982
488 3019
489 2981
490 2919
491 2938
492 2871
493 3048
494 2970
495 2911
496 2927
497 3087
498 2972
499 2950
500 2925
501 2868
502 2914
503 2939
504 2959
505 2893
506 2887
507 2975
508 2853
509 2876
510 2880
511 2950
512 2969
513 3000
514 2960
515 2997
516 2977
517 2963
518 3016
519 2855
520 2936
521 2858
522 3017
523 2985
524 2922
525 2937
526 3140
527 2933
528 2915
529 2906
530 2945
531 2875
532 2916
533 2980
534 2816
535 2866
536 2933
537 2863
538 2825
539 2818
540 2915
541 2890
542 2897
543 2814
544 2849
545 2937
546 2817
547 2925
548 2934
549 2913
550 2851
551 2854
552 2907
553 2954
554 2891
555 2870
556 2865
557 2832
558 2909
559 2957
560 2725
561 2910
562 2975
563 2802
564 2894
565 2888
566 2891
567 2825
568 2837
569 2880
570 2898
571 2851
572 2763
573 2835
574 2821
575 2707
576 2800
577 2829
578 2900
579 3006
580 2841
581 2923
582 2923
583 2922
584 2843
585 2960
586 2833
587 3021
588 3014
589 2891
590 3014
591 2842
592 2875
593 2734
594 2939
595 2832
596 2835
597 2935
598 2939
599 2943
600 2845
601 2766
602 2871
603 2755
604 2752
605 2962
606 2863
607 2844
608 2975
609 2832
610 2852
611 3019
612 3110
613 3144
614 2942
615 3107
616 3117
617 3278
618 3480
619 3636
620 3705
621 3670
622 3998
623 4122
624 4212
625 4421
626 4575
627 4834
628 5044
629 5008
630 5074
631 4988
632 4914
633 4643
634 4733
635 4490
636 4498
637 4236
638 3898
639 3773
640 3614
641 3457
642 3383
643 3155
644 3031
645 2963
646 2918
647 3024
648 2855
649 2828
650 2759
651 2734
652 2700
653 2786
654 2777
655 2768
656 2786
657 2681
658 2743
659 2805
660 2567
661 2756
662 2789
663 2759
664 2718
665 2611
666 2695
667 2590
668 2607
669 2712
670 2652
671 2659
672 2666
673 2665
674 2688
675 2683
676 2554
677 2666
678 2698
679 2584
680 2650
681 2686
682 2696
683 2651
684 2617
685 2545
686 2630
687 2716
688 2714
689 2740
690 2600
691 2591
692 2627
693 2530
694 2581
695 2603
696 2660
697 2589
698 2547
699 2509
700 2705
701 2638
702 2635
703 2689
704 2660
705 2558
706 2602
707 2619
708 2699
709 2650
710 2645
711 2700
712 2599
713 2665
714 2621
715 2579
716 2633
717 2666
718 2647
719 2585
720 2603
721 2755
722 2604
723 2639
724 2612
725 2691
726 2619
727 2701
728 2731
729 2815
730 2719
731 2815
732 2761
733 2675
734 2885
735 2723
736 2837
737 2721
738 2921
739 3020
740 3119
741 3217
742 3233
743 3436
744 3559
745 3938
746 4259
747 4536
748 5161
749 5088
750 5654
751 6277
752 7128
753 7647
754 8199
755 8442
756 8583
757 8434
758 8152
759 7655
760 7297
761 6972
762 6263
763 6001
764 5215
765 4876
766 4386
767 3958
768 3725
769 3559
770 3190
771 3078
772 3018
773 2799
774 2864
775 2728
776 2730
777 2689
778 2538
779 2658
780 2523
781 2639
782 2625
783 2573
784 2588
785 2557
786 2660
787 2600
788 2518
789 2634
790 2543
791 2581
792 2583
793 2490
794 2579
795 2566
796 2529
797 2584
798 2636
799 2538
800 2528
801 2561
802 2572
803 2477
804 2512
805 2525
806 2510
807 2563
808 2690
809 2513
810 2550
811 2558
812 2495
813 2530
814 2541
815 2538
816 2435
817 2466
818 2587
819 2475
820 2592
821 2452
822 2571
823 2562
824 2566
825 2661
826 2452
827 2500
828 2516
829 2521
830 2482
831 2584
832 2501
833 2567
834 2466
835 2623
836 2426
837 2573
838 2470
839 2607
840 2525
841 2487
842 2545
843 2467
844 2387
845 2574
846 2549
847 2566
848 2684
849 2678
850 2464
851 2562
852 2597
853 2629
854 2497
855 2548
856 2637
857 2619
858 2605
859 2656
860 2602
861 2524
862 2633
863 2597
864 2613
865 2607
866 2663
867 2648
868 2762
869 2670
870 2698
871 2794
872 2912
873 3027
874 2995
875 3028
876 3141
877 3407
878 3490
879 3610
880 3861
881 4343
882 4658
883 5014
884 5366
885 5614
886 5958
887 6440
888 6989
889 6771
890 6962
891 6864
892 6789
893 6322
894 6293
895 5649
896 5479
897 4952
898 4836
899 4396
900 4232
901 3715
902 3473
903 3302
904 3003
905 2967
906 2843
907 2741
908 2737
909 2736
910 2722
911 2732
912 2633
913 2565
914 2530
915 2520
916 2538
917 2527
918 2587
919 2671
920 2595
921 2488
922 2453
923 2487
924 2499
925 2459
926 2442
927 2448
928 2438
929 2446
930 2596
931 2478
932 2538
933 2582
934 2549
935 2544
936 2474
937 2404
938 2453
939 2440
940 2473
941 2380
942 2402
943 2389
944 2468
945 2455
946 2485
947 2444
948 2433
949 2539
950 2585
951 2505
952 2525
953 2501
954 2333
955 2507
956 2403
957 2450
958 2431
959 2508
960 2426
961 2432
962 2418
963 2420
964 2464
965 2406
966 2498
967 2552
968 2602
969 2517
970 2433
971 2480
972 2506
973 2603
974 2451
975 2467
976 2449
977 2433
978 2476
979 2477
980 2511
981 2524
982 2637
983 2615
984 2426
985 2510
986 2582
987 2418
988 2468
989 2614
990 2478
991 2615
992 2670
993 2616
994 2416
995 2550
996 2683
997 2541
998 2630
999 2627
1000 2541
1001 2637
1002 2635
1003 2610
1004 2625
1005 2679
1006 2730
1007 2647
1008 2620
1009 2650
1010 2817
1011 2839
1012 3002
1013 3123
1014 3041
1015 3162
1016 3386
1017 3672
1018 3747
1019 3993
1020 4085
1021 4503
1022 4552
1023 5051
1024 5363
1025 5738
1026 6192
1027 6561
1028 7116
1029 7463
1030 8061
1031 9324
1032 9989
1033 10686
1034 11829
1035 13006
1036 13606
1037 14198
1038 15991
1039 16820
1040 18402
1041 20229
1042 21062
1043 21394
1044 21254
1045 21058
1046 20253
1047 19260
1048 18436
1049 16663
1050 14182
1051 11977
1052 9736
1053 8048
1054 6779
1055 5822
1056 5076
1057 4721
1058 4616
1059 4356
1060 4410
1061 4532
1062 4651
1063 4639
1064 4958
1065 5304
1066 5698
1067 6234
1068 7003
1069 8018
1070 8907
1071 9552
1072 9623
1073 10455
1074 10166
1075 10218
1076 10262
1077 10335
1078 10283
1079 10144
1080 9326
1081 8866
1082 8184
1083 7902
1084 7124
1085 6408
1086 5653
1087 5271
1088 4677
1089 4204
1090 3877
1091 3688
1092 3352
1093 3225
1094 3095
1095 2962
1096 2967
1097 2722
1098 2724
1099 2667
1100 2674
1101 2574
1102 2551
1103 2511
1104 2465
1105 2518
1106 2573
1107 2516
1108 2475
1109 2444
1110 2492
1111 2538
1112 2411
1113 2443
1114 2449
1115 2449
1116 2427
1117 2410
1118 2335
1119 2365
1120 2336
1121 2432
1122 2369
1123 2381
1124 2403
1125 2380
1126 2430
1127 2363
1128 2259
1129 2278
1130 2305
1131 2390
1132 2442
1133 2379
1134 2244
1135 2395
1136 2303
1137 2342
1138 2321
1139 2362
1140 2358
1141 2281
1142 2306
1143 2368
1144 2226
1145 2267
1146 2309
1147 2190
1148 2272
1149 2251
1150 2158
1151 2219
1152 2310
1153 2362
1154 2278
1155 2331
1156 2289
1157 2395
1158 2308
1159 2230
1160 2346
1161 2198
1162 2356
1163 2343
1164 2334
1165 2320
1166 2355
1167 2242
1168 2349
1169 2304
1170 2240
1171 2237
1172 2309
1173 2369
1174 2244
1175 2333
1176 2206
1177 2328
1178 2328
1179 2240
1180 2410
1181 2207
1182 2210
1183 2322
1184 2205
1185 2260
1186 2218
1187 2163
1188 2219
1189 2286
1190 2311
1191 2220
1192 2185
1193 2302
1194 2233
1195 2202
1196 2210
1197 2210
1198 2236
1199 2225
1200 2170
1201 2229
1202 2202
1203 2239
1204 2130
1205 2321
1206 2173
1207 2117
1208 2237
1209 2125
1210 2198
1211 2175
1212 2231
1213 2147
1214 2190
1215 2085
1216 2116
1217 2206
1218 2134
1219 2196
1220 2217
1221 2130
1222 2179
1223 2196
1224 2161
1225 2151
1226 2102
1227 2214
1228 2030
1229 2142
1230 2139
1231 2122
1232 2136
1233 2147
1234 2016
1235 2073
1236 2148
1237 2043
1238 2042
1239 2173
1240 2157
1241 2068
1242 2101
1243 2146
1244 1997
1245 2095
1246 1980
1247 2078
1248 2019
1249 2055
1250 2026
1251 2034
1252 2045
1253 2083
1254 2045
1255 2165
1256 2106
1257 2073
1258 2144
1259 2136
1260 2086
1261 2114
1262 2095
1263 2043
1264 2034
1265 2115
1266 2053
1267 2065
1268 2074
1269 2143
1270 2039
1271 2126
1272 2028
1273 2026
1274 1977
1275 1842
1276 1862
1277 1834
1278 1668
1279 2086
