19.931 63.167
19.951 63.167
19.971 70.000
19.991 65.667
20.011 61.833
20.031 58.167
20.051 60.667
20.071 68.000
20.091 52.500
20.111 39.333
20.132 44.333
20.152 37.167
20.172 38.000
20.192 37.500
20.212 40.667
20.232 39.167
20.253 40.500
20.273 36.500
20.293 40.667
20.313 40.667
20.333 43.833
20.354 38.667
20.374 41.833
20.394 41.500
20.415 41.833
20.435 38.833
20.455 43.333
20.476 41.833
20.496 40.667
20.516 45.500
20.537 43.000
20.557 44.667
20.578 45.500
20.598 44.500
20.619 43.167
20.639 41.000
20.660 41.500
20.680 46.500
20.701 42.000
20.721 40.167
20.742 45.167
20.762 41.667
20.783 40.000
20.803 38.833
20.824 43.500
20.845 41.833
20.865 42.000
20.886 46.167
20.907 47.000
20.927 38.167
20.948 44.667
20.969 44.667
20.989 41.833
21.010 43.167
21.031 44.167
21.052 42.833
21.073 45.833
21.093 42.167
21.114 46.500
21.135 41.833
21.156 45.333
21.177 47.500
21.198 45.667
21.218 47.667
21.239 44.833
21.260 41.000
21.281 38.833
21.302 39.167
21.323 43.000
21.344 48.167
21.365 42.667
21.386 44.000
21.407 41.500
21.428 39.667
21.449 40.000
21.470 47.500
21.491 44.000
21.512 41.167
21.533 43.000
21.555 44.000
21.576 43.000
21.597 46.000
21.618 39.333
21.639 46.000
21.660 43.333
21.682 39.000
21.703 44.500
21.724 41.333
21.745 43.000
21.766 40.000
21.788 40.000
21.809 45.333
21.830 40.167
21.852 42.500
21.873 38.667
21.894 41.833
21.916 37.500
21.937 40.167
21.958 42.500
21.980 46.167
22.001 39.333
22.023 37.500
22.044 39.000
22.065 47.167
22.087 45.667
22.108 38.833
22.130 39.000
22.151 36.500
22.173 34.500
22.194 45.500
22.216 42.167
22.238 41.833
22.259 40.500
22.281 40.667
22.302 38.167
22.324 37.500
22.346 37.667
22.367 41.167
22.389 39.833
22.410 45.167
22.432 44.667
22.454 39.333
22.476 37.000
22.497 44.333
22.519 49.000
22.541 40.167
22.563 47.500
22.584 42.667
22.606 39.333
22.628 45.833
22.650 43.667
22.672 44.833
22.693 44.167
22.715 51.167
22.737 42.667
22.759 55.500
22.781 52.333
22.803 50.333
22.825 51.667
22.847 57.167
22.869 47.333
22.891 53.000
22.913 45.833
22.935 51.333
22.957 47.167
22.979 48.833
23.001 48.833
23.023 46.667
23.045 47.333
23.067 49.667
23.089 47.167
23.111 47.833
23.133 45.333
23.155 53.000
23.177 48.000
23.199 49.333
23.222 49.500
23.244 49.833
23.266 49.167
23.288 44.500
23.310 46.833
23.333 48.500
23.355 49.667
23.377 51.167
23.399 45.667
23.422 43.833
23.444 51.167
23.466 48.833
23.489 48.167
23.511 52.833
23.533 46.167
23.556 45.333
23.578 45.000
23.600 52.833
23.623 53.333
23.645 50.333
23.668 49.000
23.690 49.333
23.713 49.333
23.735 43.167
23.757 51.333
23.780 44.500
23.802 48.167
23.825 45.500
23.848 50.167
23.870 45.000
23.893 46.833
23.915 46.167
23.938 46.667
23.960 45.167
23.983 45.500
24.006 50.167
24.028 45.500
24.051 45.667
24.073 46.333
24.096 48.333
24.119 44.333
24.142 45.833
24.164 44.833
24.187 42.500
24.210 44.500
24.232 40.500
24.255 43.833
24.278 48.833
24.301 47.500
24.324 51.000
24.346 49.167
24.369 46.333
24.392 50.500
24.415 49.500
24.438 45.000
24.461 51.000
24.483 46.167
24.506 43.667
24.529 51.167
24.552 47.333
24.575 55.000
24.598 54.333
24.621 52.500
24.644 53.000
24.667 48.000
24.690 53.500
24.713 53.333
24.736 50.500
24.759 49.000
24.782 51.667
24.805 55.000
24.828 51.333
24.851 56.833
24.874 55.667
24.897 52.667
24.921 45.333
24.944 53.167
24.967 47.667
24.990 49.667
25.013 47.333
25.036 46.167
25.060 48.333
25.083 47.167
25.106 49.667
25.129 46.333
25.152 44.167
25.176 49.500
25.199 48.167
25.222 44.500
25.245 50.333
25.269 53.333
25.292 57.833
25.315 48.333
25.339 49.833
25.362 54.333
25.385 52.000
25.409 53.333
25.432 55.500
25.456 57.333
25.479 58.333
25.502 60.667
25.526 63.167
25.549 65.000
25.573 57.833
25.596 60.167
25.620 67.333
25.643 63.667
25.667 65.000
25.690 65.167
25.714 72.167
25.737 67.667
25.761 69.667
25.784 74.000
25.808 75.833
25.832 76.167
25.855 72.000
25.879 71.167
25.902 75.333
25.926 74.667
25.950 68.833
25.973 68.333
25.997 68.000
26.021 63.333
26.044 67.167
26.068 60.500
26.092 64.333
26.115 61.667
26.139 58.667
26.163 59.500
26.187 63.167
26.211 56.500
26.234 61.000
26.258 57.167
26.282 61.500
26.306 63.333
26.330 59.667
26.353 61.667
26.377 59.833
26.401 62.167
26.425 60.167
26.449 59.167
26.473 65.833
26.497 66.333
26.521 60.000
26.545 70.667
26.568 64.333
26.592 67.167
26.616 63.500
26.640 71.667
26.664 75.167
26.688 76.167
26.712 68.167
26.736 59.167
26.760 72.333
26.784 70.667
26.809 71.000
26.833 81.333
26.857 71.500
26.881 70.500
26.905 61.667
26.929 69.333
26.953 66.833
26.977 68.667
27.001 64.833
27.026 69.333
27.050 69.167
27.074 71.333
27.098 67.000
27.122 73.333
27.147 59.667
27.171 56.000
27.195 63.500
27.219 59.833
27.244 61.000
27.268 64.333
27.292 62.667
27.316 59.333
27.341 65.833
27.365 58.500
27.389 55.667
27.414 56.833
27.438 55.167
27.462 61.000
27.487 53.167
27.511 55.833
27.535 56.667
27.560 59.000
27.584 64.500
27.609 58.167
27.633 59.000
27.658 61.167
27.682 57.500
27.707 61.500
27.731 62.333
27.755 61.167
27.780 57.167
27.805 53.833
27.829 57.833
27.854 56.500
27.878 54.833
27.903 53.167
27.927 60.667
27.952 60.667
27.976 56.000
28.001 57.667
28.026 55.833
28.050 57.167
28.075 53.667
28.099 55.500
28.124 56.500
28.149 57.500
28.173 57.667
28.198 60.167
28.223 62.667
28.248 54.833
28.272 67.667
28.297 60.500
28.322 64.000
28.346 61.000
28.371 65.167
28.396 69.667
28.421 61.000
28.446 70.167
28.470 72.167
28.495 70.000
28.520 67.667
28.545 71.333
28.570 78.500
28.594 72.833
28.619 76.667
28.644 73.333
28.669 76.500
28.694 76.333
28.719 82.500
28.744 72.667
28.769 79.167
28.794 76.833
28.819 78.833
28.844 71.500
28.868 76.000
28.893 68.500
28.918 73.667
28.943 67.333
28.968 63.833
28.993 68.500
29.018 64.667
29.044 64.667
29.069 60.333
29.094 61.833
29.119 65.167
29.144 62.000
29.169 63.000
29.194 60.667
29.219 64.000
29.244 61.167
29.269 69.167
29.294 67.667
29.320 64.000
29.345 66.000
29.370 62.000
29.395 64.167
29.420 68.333
29.445 68.667
29.471 65.667
29.496 60.833
29.521 70.667
29.546 67.333
29.572 64.000
29.597 60.000
29.622 65.333
29.647 66.833
29.673 64.833
29.698 61.667
29.723 59.500
29.749 63.333
29.774 62.667
29.799 59.833
29.825 61.500
29.850 62.667
29.875 62.167
29.901 59.667
29.926 65.500
29.951 65.000
29.977 61.500
30.002 61.667
30.028 60.667
30.053 58.167
30.078 52.167
30.104 62.333
30.129 62.333
30.155 64.000
30.180 64.333
30.206 62.000
30.231 64.833
30.257 53.667
30.282 59.500
30.308 61.000
30.333 56.167
30.359 63.833
30.385 65.500
30.410 61.167
30.436 62.500
30.461 68.167
30.487 58.333
30.512 64.000
30.538 58.333
30.564 67.833
30.589 64.833
30.615 62.500
30.641 70.667
30.666 60.667
30.692 66.000
30.718 67.000
30.743 67.500
30.769 68.333
30.795 74.500
30.820 68.833
30.846 72.833
30.872 72.500
30.898 73.167
30.923 73.333
30.949 75.667
30.975 79.500
31.001 79.500
31.026 82.667
31.052 79.333
31.078 80.500
31.104 81.333
31.130 91.167
31.156 85.333
31.181 90.333
31.207 87.667
31.233 88.000
31.259 93.667
31.285 91.833
31.311 90.833
31.337 86.333
31.363 92.833
31.388 95.833
31.414 89.667
31.440 91.500
31.466 92.500
31.492 95.000
31.518 79.167
31.544 79.167
31.570 83.167
31.596 78.833
31.622 77.333
31.648 80.667
31.674 70.833
31.700 77.667
31.726 71.833
31.752 71.000
31.778 68.667
31.804 68.833
31.830 71.500
31.857 73.000
31.883 77.000
31.909 68.500
31.935 65.167
31.961 62.500
31.987 65.500
32.013 66.333
32.039 66.167
32.065 70.333
32.092 71.667
32.118 69.833
32.144 65.667
32.170 67.833
32.196 69.167
32.223 66.500
32.249 65.833
32.275 71.667
32.301 68.500
32.327 68.500
32.354 69.667
32.380 66.000
32.406 79.167
32.432 80.500
32.459 77.167
32.485 74.500
32.511 71.333
32.538 80.333
32.564 83.167
32.590 94.333
32.617 80.000
32.643 74.833
32.669 85.500
32.696 82.667
32.722 85.333
32.748 74.333
32.775 79.167
32.801 75.667
32.827 77.167
32.854 75.167
32.880 72.833
32.907 73.333
32.933 77.333
32.960 65.500
32.986 77.667
33.012 75.833
33.039 62.500
33.065 70.667
33.092 77.833
33.118 64.333
33.145 68.500
33.171 68.833
33.198 70.667
33.224 73.000
33.251 62.167
33.277 69.500
33.304 72.667
33.331 63.000
33.357 67.000
33.384 73.167
33.410 72.000
33.437 66.333
33.463 71.667
33.490 68.500
33.517 64.333
33.543 73.833
33.570 72.000
33.597 73.000
33.623 79.167
33.650 74.833
33.676 68.667
33.703 73.333
33.730 77.500
33.757 75.833
33.783 77.000
33.810 72.000
33.837 73.000
33.863 77.833
33.890 68.500
33.917 74.333
33.943 82.500
33.970 78.833
33.997 76.333
34.024 81.500
34.051 70.167
34.077 84.000
34.104 81.167
34.131 86.167
34.158 81.000
34.184 73.667
34.211 72.500
34.238 74.500
34.265 70.833
34.292 76.667
34.319 65.667
34.345 75.333
34.372 71.667
34.399 70.333
34.426 65.500
34.453 68.333
34.480 69.667
34.507 67.167
34.534 70.000
34.561 60.333
34.587 64.333
34.614 69.000
34.641 61.500
34.668 62.167
34.695 66.167
34.722 72.500
34.749 65.000
34.776 66.333
34.803 67.167
34.830 68.833
34.857 69.667
34.884 62.167
34.911 71.000
34.938 68.500
34.965 65.667
34.992 69.500
35.019 72.333
35.046 74.000
35.073 68.000
35.100 78.000
35.127 69.000
35.155 70.833
35.182 71.500
35.209 68.167
35.236 63.167
35.263 70.667
35.290 67.167
35.317 74.167
35.344 74.667
35.371 68.000
35.399 73.833
35.426 70.500
35.453 68.167
35.480 76.167
35.507 72.333
35.534 75.500
35.562 71.667
35.589 77.000
35.616 78.833
35.643 72.667
35.670 77.667
35.698 73.167
35.725 77.000
35.752 75.000
35.779 74.833
35.807 74.333
35.834 86.000
35.861 78.000
35.888 86.167
35.916 84.000
35.943 87.667
35.970 80.667
35.997 81.333
36.025 82.167
36.052 84.833
36.079 87.333
36.107 89.333
36.134 89.833
36.161 82.333
36.189 93.500
36.216 93.500
36.243 85.500
36.271 90.333
36.298 97.500
36.326 86.333
36.353 95.833
36.380 100.667
36.408 105.000
36.435 111.333
36.463 108.667
36.490 106.833
36.517 109.667
36.545 105.667
36.572 115.833
36.600 118.333
36.627 107.167
36.655 121.833
36.682 122.500
36.710 128.667
36.737 127.833
36.765 123.500
36.792 138.000
36.820 129.500
36.847 133.167
36.875 121.167
36.902 125.167
36.930 131.667
36.957 113.000
36.985 122.333
37.012 117.167
37.040 107.667
37.067 110.000
37.095 110.167
37.122 101.500
37.150 102.333
37.178 102.333
37.205 95.000
37.233 85.333
37.260 92.333
37.288 87.833
37.316 79.667
37.343 85.000
37.371 85.500
37.399 80.667
37.426 85.667
37.454 73.000
37.481 93.833
37.509 76.333
37.537 81.667
37.564 74.333
37.592 77.667
37.620 83.333
37.648 76.333
37.675 79.000
37.703 87.667
37.731 74.333
37.758 71.667
37.786 76.000
37.814 75.333
37.842 75.167
37.869 71.667
37.897 71.500
37.925 72.500
37.953 73.667
37.980 77.833
38.008 75.167
38.036 66.667
38.064 72.000
38.091 69.167
38.119 66.667
38.147 76.000
38.175 75.500
38.203 81.000
38.230 75.667
38.258 76.833
38.286 73.167
38.314 70.167
38.342 72.000
38.370 70.333
38.397 82.500
38.425 77.833
38.453 74.500
38.481 72.667
38.509 76.333
38.537 76.000
38.565 79.667
38.593 75.500
38.620 73.833
38.648 78.667
38.676 79.333
38.704 73.500
38.732 85.833
38.760 76.667
38.788 76.167
38.816 74.667
38.844 72.667
38.872 82.833
38.900 80.167
38.928 84.333
38.956 83.000
38.984 78.667
39.012 80.167
39.040 83.167
39.068 79.333
39.096 82.333
39.124 82.667
39.152 85.333
39.180 83.667
39.208 78.833
39.236 89.000
39.264 79.833
39.292 83.000
39.320 83.833
39.348 79.000
39.376 81.833
39.404 82.833
39.432 79.500
39.460 80.333
39.488 75.500
39.516 78.667
39.544 85.333
39.572 77.167
39.600 81.667
39.629 81.833
39.657 88.000
39.685 82.333
39.713 75.333
39.741 78.833
39.769 83.667
39.797 72.833
39.825 81.167
39.854 73.500
39.882 81.833
39.910 78.000
39.938 83.667
39.966 80.167
39.994 81.833
40.023 78.167
40.051 77.167
40.079 87.167
40.107 80.333
40.135 81.500
40.163 76.167
40.192 78.500
40.220 80.833
40.248 82.500
40.276 77.500
40.304 84.167
40.333 76.833
40.361 80.333
40.389 76.500
40.417 85.500
40.446 77.000
40.474 90.000
40.502 74.833
40.530 86.167
40.559 83.167
40.587 82.333
40.615 85.667
40.644 88.833
40.672 85.833
40.700 81.333
40.728 81.167
40.757 76.167
40.785 82.500
40.813 87.667
40.842 84.167
40.870 82.500
40.898 87.000
40.927 79.000
40.955 82.333
40.983 81.000
41.012 85.667
41.040 72.833
41.068 88.333
41.097 86.667
41.125 78.333
41.153 84.500
41.182 84.167
41.210 89.667
41.239 81.000
41.267 75.333
41.295 79.333
41.324 77.333
41.352 86.333
41.381 79.833
41.409 80.000
41.437 86.333
41.466 86.000
41.494 82.000
41.523 82.667
41.551 88.500
41.580 73.500
41.608 87.667
41.636 83.333
41.665 87.000
41.693 79.167
41.722 78.000
41.750 87.000
41.779 86.167
41.807 81.500
41.836 80.167
41.864 82.167
41.893 86.500
41.921 89.833
41.950 84.500
41.978 88.167
42.007 100.667
42.035 97.167
42.064 90.000
42.092 92.500
42.121 92.167
42.149 97.333
42.178 97.833
42.206 106.500
42.235 112.500
42.263 104.500
42.292 112.667
42.320 106.333
42.349 117.833
42.377 116.167
42.406 121.333
42.435 129.167
42.463 129.500
42.492 136.000
42.520 130.667
42.549 117.500
42.577 132.333
42.606 131.000
42.635 132.500
42.663 125.667
42.692 137.833
42.720 129.167
42.749 135.667
42.778 124.833
42.806 119.833
42.835 130.500
42.864 121.167
42.892 122.167
42.921 124.333
42.949 117.000
42.978 103.000
43.007 115.167
43.035 103.333
43.064 104.667
43.093 97.333
43.121 100.333
43.150 96.333
43.179 90.500
43.207 100.667
43.236 95.333
43.265 92.500
43.293 89.167
43.322 99.000
43.351 83.667
43.379 85.167
43.408 92.500
43.437 93.000
43.466 94.667
43.494 99.333
43.523 98.000
43.552 93.167
43.580 98.167
43.609 102.500
43.638 98.500
43.667 100.500
43.695 101.667
43.724 107.667
43.753 107.000
43.782 101.833
43.810 98.500
43.839 107.500
43.868 108.500
43.897 108.333
43.925 102.167
43.954 112.000
43.983 104.000
44.012 106.000
44.040 111.000
44.069 105.000
44.098 107.167
44.127 96.167
44.156 99.000
44.184 97.833
44.213 98.000
44.242 109.167
44.271 96.167
44.299 101.500
44.328 104.500
44.357 95.833
44.386 89.333
44.415 100.167
44.444 93.333
44.472 103.667
44.501 89.000
44.530 97.667
44.559 93.833
44.588 95.000
44.617 101.000
44.645 94.500
44.674 92.833
44.703 94.500
44.732 106.333
44.761 100.500
44.790 95.833
44.819 96.500
44.847 95.833
44.876 100.667
44.905 95.500
44.934 89.667
44.963 100.333
44.992 95.833
45.021 91.333
45.050 85.500
45.078 90.167
45.107 88.500
45.136 88.833
45.165 89.500
45.194 91.500
45.223 86.000
45.252 87.333
45.281 89.833
45.310 90.167
45.339 85.667
45.367 99.667
45.396 90.667
45.425 85.833
45.454 90.167
45.483 80.667
45.512 83.833
45.541 77.333
45.570 87.167
45.599 83.667
45.628 84.833
45.657 86.000
45.686 92.500
45.715 87.667
45.744 84.000
45.773 81.667
45.802 82.000
45.831 76.500
45.860 79.000
45.889 88.000
45.917 74.167
45.946 85.000
45.975 81.000
46.004 81.333
46.033 75.500
46.062 71.167
46.091 85.500
46.120 78.500
46.149 80.667
46.178 81.000
46.207 82.000
46.236 82.333
46.265 82.167
46.294 91.333
46.323 84.333
46.352 85.000
46.381 88.833
46.410 89.333
46.439 90.667
46.468 82.500
46.497 91.500
46.526 83.833
46.555 86.167
46.585 87.500
46.614 81.167
46.643 89.500
46.672 89.000
46.701 80.333
46.730 92.500
46.759 87.500
46.788 91.333
46.817 87.833
46.846 81.000
46.875 86.833
46.904 93.000
46.933 82.667
46.962 90.667
46.991 83.333
47.020 77.333
47.049 95.167
47.078 95.667
47.107 91.500
47.136 84.000
47.166 95.667
47.195 92.000
47.224 80.500
47.253 81.000
47.282 87.333
47.311 91.833
47.340 86.833
47.369 83.333
47.398 85.667
47.427 91.167
47.456 91.833
47.485 83.833
47.515 81.167
47.544 83.833
47.573 84.500
47.602 79.167
47.631 77.167
47.660 82.000
47.689 81.333
47.718 83.000
47.747 82.667
47.777 81.000
47.806 73.500
47.835 78.333
47.864 79.000
47.893 85.500
47.922 87.333
47.951 84.000
47.980 78.000
48.009 76.167
48.039 76.167
48.068 73.833
48.097 74.167
48.126 78.167
48.155 78.833
48.184 89.667
48.213 84.333
48.243 83.000
48.272 90.333
48.301 80.333
48.330 84.000
48.359 89.333
48.388 88.000
48.417 82.500
48.447 87.000
48.476 87.000
48.505 87.000
48.534 78.500
48.563 83.500
48.592 90.833
48.622 83.000
48.651 88.000
48.680 87.333
48.709 86.833
48.738 95.000
48.767 90.167
48.797 91.000
48.826 92.167
48.855 88.500
48.884 89.500
48.913 82.333
48.942 93.667
48.972 86.167
49.001 89.167
49.030 86.167
49.059 84.000
49.088 91.500
49.118 91.500
49.147 84.167
49.176 84.333
49.205 82.000
49.234 86.333
49.263 77.167
49.293 80.000
49.322 84.500
49.351 89.667
49.380 76.667
49.409 79.667
49.439 81.167
49.468 83.000
49.497 81.667
49.526 79.167
49.555 77.333
49.585 75.333
49.614 77.000
49.643 82.667
49.672 82.833
49.701 84.167
49.731 71.667
49.760 81.167
49.789 78.667
49.818 80.000
49.848 77.667
49.877 77.667
49.906 88.667
49.935 88.833
49.964 85.833
49.994 82.833
50.023 84.667
50.052 83.833
50.081 86.333
50.110 87.167
50.140 87.667
50.169 92.000
50.198 91.833
50.227 80.500
50.257 84.667
50.286 91.500
50.315 85.500
50.344 83.833
50.374 95.667
50.403 86.167
50.432 97.333
50.461 85.000
50.490 89.000
50.520 82.333
50.549 85.333
50.578 83.500
50.607 84.833
50.637 88.000
50.666 90.000
50.695 85.000
50.724 86.667
50.754 84.667
50.783 90.500
50.812 83.833
50.841 83.500
50.870 90.000
50.900 93.833
50.929 94.667
50.958 87.500
50.987 82.167
51.017 91.667
51.046 88.000
51.075 83.000
51.104 84.000
51.134 86.500
51.163 92.833
51.192 85.333
51.221 85.167
51.251 90.333
51.280 84.500
51.309 87.333
51.338 80.000
51.368 88.500
51.397 84.500
51.426 82.500
51.455 89.833
51.485 90.500
51.514 87.167
51.543 91.500
51.572 84.000
51.602 87.667
51.631 82.667
51.660 87.667
51.689 92.167
51.719 82.000
51.748 85.667
51.777 88.333
51.806 81.833
51.836 81.500
51.865 98.833
51.894 90.000
51.923 87.333
51.953 87.667
51.982 95.167
52.011 93.333
52.040 85.167
52.070 85.000
52.099 82.500
52.128 89.667
52.157 78.833
52.187 95.333
52.216 91.333
52.245 80.500
52.274 84.667
52.304 77.000
52.333 86.833
52.362 86.333
52.391 82.000
52.421 90.000
52.450 79.000
52.479 81.500
52.508 88.000
52.538 83.167
52.567 76.333
52.596 91.167
52.625 92.000
52.655 83.333
52.684 85.000
52.713 88.667
52.742 90.500
52.772 83.500
52.801 83.167
52.830 83.833
52.859 83.833
52.889 86.333
52.918 84.667
52.947 88.500
52.976 83.167
53.006 78.833
53.035 80.500
53.064 86.667
53.093 84.333
53.123 87.000
53.152 86.000
53.181 85.333
53.210 86.500
53.240 81.167
53.269 80.833
53.298 82.167
53.327 84.167
53.357 79.833
53.386 84.333
53.415 91.167
53.444 82.833
53.473 80.667
53.503 81.333
53.532 80.500
