50.000
37.000
41.000
47.000
46.000
49.000
41.000
43.000
53.000
59.000
53.000
49.000
60.000
56.000
49.000
56.000
51.000
48.000
48.000
45.000
38.000
55.000
58.000
64.000
49.000
53.000
50.000
61.000
52.000
45.000
60.000
66.000
50.000
38.000
55.000
64.000
59.000
41.000
43.000
44.000
42.000
56.000
44.000
47.000
48.000
58.000
40.000
67.000
54.000
38.000
78.000
44.000
67.000
51.000
48.000
66.000
49.000
63.000
54.000
52.000
52.000
46.000
58.000
50.000
46.000
57.000
37.000
52.000
44.000
60.000
45.000
44.000
56.000
54.000
47.000
42.000
44.000
51.000
48.000
65.000
53.000
45.000
52.000
43.000
59.000
50.000
38.000
49.000
46.000
33.000
49.000
46.000
46.000
51.000
45.000
41.000
46.000
61.000
35.000
43.000
57.000
47.000
51.000
37.000
47.000
46.000
42.000
42.000
47.000
53.000
46.000
45.000
35.000
55.000
50.000
53.000
42.000
43.000
41.000
51.000
43.000
51.000
52.000
50.000
37.000
51.000
50.000
53.000
61.000
38.000
59.000
58.000
49.000
58.000
51.000
43.000
60.000
53.000
52.000
51.000
66.000
70.000
50.000
61.000
48.000
58.000
67.000
56.000
58.000
47.000
58.000
60.000
55.000
69.000
60.000
48.000
55.000
55.000
50.000
54.000
66.000
74.000
62.000
38.000
56.000
56.000
56.000
61.000
56.000
54.000
57.000
67.000
64.000
39.000
54.000
62.000
51.000
64.000
68.000
61.000
61.000
58.000
58.000
53.000
53.000
50.000
36.000
58.000
62.000
62.000
56.000
66.000
51.000
50.000
52.000
53.000
39.000
53.000
70.000
68.000
55.000
57.000
58.000
57.000
51.000
55.000
61.000
60.000
49.000
52.000
60.000
57.000
70.000
60.000
49.000
56.000
54.000
56.000
65.000
52.000
63.000
70.000
76.000
51.000
64.000
54.000
62.000
62.000
59.000
73.000
63.000
68.000
57.000
70.000
67.000
50.000
55.000
63.000
63.000
72.000
53.000
44.000
56.000
56.000
54.000
62.000
46.000
61.000
65.000
74.000
51.000
58.000
61.000
51.000
56.000
60.000
58.000
63.000
67.000
75.000
76.000
61.000
72.000
66.000
69.000
88.000
74.000
75.000
90.000
98.000
74.000
74.000
106.000
90.000
69.000
69.000
70.000
84.000
83.000
69.000
82.000
59.000
59.000
59.000
57.000
65.000
57.000
52.000
61.000
73.000
64.000
70.000
71.000
64.000
54.000
72.000
73.000
63.000
73.000
71.000
75.000
61.000
74.000
81.000
83.000
89.000
81.000
76.000
85.000
76.000
89.000
78.000
79.000
84.000
80.000
98.000
78.000
89.000
92.000
71.000
79.000
72.000
78.000
66.000
71.000
65.000
58.000
60.000
72.000
68.000
83.000
72.000
76.000
64.000
72.000
55.000
58.000
57.000
66.000
66.000
71.000
64.000
63.000
60.000
53.000
75.000
65.000
62.000
54.000
74.000
78.000
56.000
56.000
63.000
85.000
66.000
60.000
66.000
50.000
50.000
67.000
63.000
69.000
52.000
64.000
67.000
80.000
61.000
73.000
66.000
72.000
63.000
66.000
60.000
61.000
64.000
67.000
71.000
49.000
65.000
68.000
65.000
67.000
80.000
78.000
85.000
81.000
94.000
90.000
100.000
93.000
78.000
84.000
85.000
76.000
73.000
72.000
68.000
65.000
68.000
72.000
70.000
79.000
77.000
62.000
59.000
68.000
72.000
69.000
64.000
70.000
79.000
84.000
76.000
64.000
60.000
73.000
59.000
79.000
82.000
80.000
78.000
69.000
59.000
68.000
67.000
68.000
72.000
73.000
66.000
79.000
69.000
75.000
64.000
63.000
57.000
73.000
73.000
83.000
62.000
56.000
85.000
67.000
64.000
71.000
81.000
62.000
67.000
58.000
87.000
57.000
60.000
66.000
68.000
61.000
77.000
63.000
67.000
66.000
66.000
70.000
75.000
80.000
71.000
80.000
67.000
72.000
70.000
60.000
70.000
75.000
93.000
79.000
94.000
85.000
87.000
93.000
70.000
66.000
89.000
90.000
103.000
76.000
85.000
88.000
90.000
97.000
98.000
94.000
117.000
102.000
88.000
106.000
100.000
76.000
101.000
95.000
111.000
91.000
86.000
88.000
76.000
90.000
87.000
87.000
84.000
75.000
71.000
77.000
90.000
81.000
90.000
75.000
85.000
87.000
75.000
88.000
82.000
65.000
70.000
82.000
68.000
61.000
78.000
77.000
92.000
78.000
72.000
73.000
78.000
77.000
83.000
68.000
92.000
82.000
63.000
80.000
78.000
85.000
76.000
86.000
84.000
90.000
80.000
76.000
82.000
80.000
91.000
78.000
96.000
85.000
76.000
73.000
80.000
83.000
93.000
93.000
58.000
95.000
70.000
74.000
84.000
73.000
71.000
92.000
83.000
52.000
86.000
76.000
82.000
80.000
81.000
76.000
72.000
82.000
78.000
77.000
89.000
77.000
62.000
79.000
85.000
85.000
84.000
86.000
75.000
79.000
74.000
82.000
76.000
74.000
83.000
96.000
87.000
78.000
62.000
82.000
62.000
72.000
79.000
87.000
84.000
84.000
69.000
55.000
55.000
67.000
75.000
60.000
69.000
86.000
74.000
81.000
71.000
50.000
56.000
72.000
61.000
87.000
78.000
80.000
75.000
81.000
60.000
73.000
80.000
69.000
56.000
69.000
76.000
61.000
72.000
82.000
58.000
71.000
82.000
75.000
81.000
83.000
83.000
90.000
71.000
68.000
71.000
89.000
83.000
87.000
82.000
63.000
92.000
94.000
64.000
68.000
66.000
69.000
74.000
87.000
65.000
90.000
86.000
92.000
68.000
71.000
76.000
82.000
97.000
100.000
92.000
69.000
91.000
90.000
108.000
86.000
93.000
97.000
97.000
87.000
114.000
97.000
91.000
88.000
88.000
104.000
98.000
100.000
100.000
105.000
111.000
103.000
100.000
122.000
86.000
115.000
125.000
139.000
117.000
118.000
143.000
119.000
128.000
130.000
123.000
106.000
114.000
128.000
142.000
115.000
113.000
129.000
122.000
117.000
100.000
104.000
98.000
99.000
89.000
83.000
93.000
87.000
89.000
90.000
88.000
79.000
97.000
79.000
71.000
78.000
79.000
72.000
80.000
89.000
64.000
81.000
74.000
85.000
70.000
85.000
60.000
80.000
80.000
70.000
79.000
75.000
57.000
61.000
90.000
74.000
89.000
82.000
69.000
70.000
68.000
76.000
70.000
91.000
80.000
73.000
79.000
74.000
88.000
81.000
70.000
84.000
72.000
106.000
86.000
83.000
71.000
80.000
98.000
111.000
82.000
70.000
65.000
80.000
77.000
107.000
75.000
72.000
89.000
93.000
77.000
67.000
75.000
84.000
77.000
80.000
76.000
83.000
94.000
87.000
78.000
73.000
81.000
98.000
92.000
86.000
95.000
85.000
79.000
89.000
85.000
76.000
86.000
88.000
83.000
78.000
77.000
71.000
92.000
81.000
95.000
83.000
90.000
87.000
84.000
88.000
83.000
92.000
83.000
84.000
74.000
82.000
89.000
79.000
77.000
91.000
90.000
67.000
74.000
92.000
77.000
99.000
86.000
82.000
71.000
77.000
74.000
76.000
73.000
80.000
76.000
101.000
85.000
75.000
84.000
82.000
74.000
86.000
61.000
79.000
72.000
93.000
75.000
88.000
86.000
72.000
88.000
93.000
64.000
80.000
92.000
78.000
76.000
77.000
93.000
95.000
83.000
75.000
78.000
68.000
83.000
81.000
107.000
69.000
86.000
95.000
97.000
85.000
92.000
90.000
95.000
82.000
87.000
107.000
80.000
95.000
103.000
103.000
121.000
107.000
87.000
81.000
79.000
123.000
96.000
102.000
130.000
121.000
123.000
139.000
112.000
119.000
148.000
145.000
141.000
151.000
147.000
136.000
113.000
116.000
130.000
118.000
120.000
133.000
126.000
124.000
116.000
119.000
124.000
104.000
95.000
100.000
95.000
97.000
102.000
110.000
92.000
98.000
73.000
102.000
95.000
99.000
89.000
97.000
90.000
93.000
95.000
91.000
90.000
88.000
98.000
99.000
84.000
108.000
104.000
101.000
96.000
102.000
99.000
112.000
99.000
110.000
116.000
98.000
109.000
118.000
107.000
119.000
99.000
99.000
103.000
99.000
91.000
91.000
90.000
97.000
79.000
109.000
88.000
102.000
102.000
97.000
113.000
103.000
96.000
114.000
83.000
114.000
106.000
97.000
90.000
103.000
102.000
86.000
92.000
104.000
78.000
92.000
98.000
114.000
102.000
113.000
103.000
83.000
84.000
116.000
101.000
84.000
79.000
97.000
81.000
97.000
89.000
78.000
92.000
86.000
81.000
96.000
64.000
86.000
82.000
77.000
108.000
78.000
73.000
96.000
81.000
79.000
88.000
82.000
100.000
78.000
84.000
92.000
91.000
87.000
72.000
94.000
91.000
92.000
84.000
81.000
75.000
78.000
89.000
118.000
89.000
91.000
83.000
94.000
87.000
80.000
86.000
98.000
92.000
75.000
87.000
78.000
97.000
78.000
92.000
106.000
102.000
84.000
86.000
79.000
100.000
71.000
91.000
95.000
85.000
71.000
92.000
87.000
93.000
87.000
99.000
77.000
79.000
89.000
105.000
91.000
90.000
79.000
81.000
84.000
72.000
76.000
101.000
86.000
92.000
90.000
90.000
101.000
72.000
73.000
85.000
99.000
89.000
72.000
93.000
85.000
78.000
98.000
85.000
83.000
94.000
82.000
81.000
92.000
83.000
89.000
101.000
86.000
75.000
80.000
106.000
100.000
87.000
90.000
78.000
85.000
89.000
79.000
110.000
72.000
77.000
98.000
89.000
91.000
103.000
92.000
82.000
80.000
98.000
89.000
90.000
92.000
86.000
90.000
80.000
78.000
92.000
73.000
79.000
85.000
77.000
81.000
88.000
85.000
96.000
82.000
66.000
74.000
86.000
76.000
88.000
88.000
92.000
88.000
68.000
110.000
83.000
108.000
70.000
97.000
92.000
77.000
74.000
101.000
77.000
86.000
77.000
88.000
77.000
89.000
85.000
94.000
83.000
69.000
88.000
76.000
99.000
83.000
95.000
78.000
84.000
74.000
89.000
82.000
103.000
100.000
69.000
80.000
77.000
90.000
92.000
85.000
76.000
104.000
98.000
73.000
92.000
89.000
90.000
71.000
70.000
87.000
101.000
87.000
86.000
73.000
86.000
61.000
80.000
75.000
72.000
107.000
88.000
78.000
82.000
82.000
66.000
84.000
90.000
89.000
85.000
86.000
86.000
83.000
68.000
87.000
95.000
80.000
105.000
92.000
78.000
75.000
91.000
87.000
91.000
83.000
83.000
91.000
88.000
78.000
97.000
76.000
99.000
71.000
87.000
79.000
88.000
63.000
78.000
71.000
94.000
82.000
84.000
92.000
94.000
89.000
86.000
73.000
86.000
108.000
78.000
71.000
93.000
76.000
80.000
77.000
84.000
63.000
85.000
96.000
92.000
86.000
98.000
79.000
84.000
101.000
86.000
84.000
97.000
88.000
94.000
72.000
111.000
