19.931 50.000
19.951 37.000
19.971 41.000
19.991 47.000
20.011 46.000
20.031 49.000
20.051 41.000
20.071 43.000
20.091 53.000
20.111 59.000
20.132 53.000
20.152 49.000
20.172 60.000
20.192 56.000
20.212 49.000
20.232 56.000
20.253 51.000
20.273 48.000
20.293 48.000
20.313 45.000
20.333 38.000
20.354 55.000
20.374 58.000
20.394 64.000
20.415 49.000
20.435 53.000
20.455 50.000
20.476 61.000
20.496 52.000
20.516 45.000
20.537 60.000
20.557 66.000
20.578 50.000
20.598 38.000
20.619 55.000
20.639 64.000
20.660 59.000
20.680 41.000
20.701 43.000
20.721 44.000
20.742 42.000
20.762 56.000
20.783 44.000
20.803 47.000
20.824 48.000
20.845 58.000
20.865 40.000
20.886 67.000
20.907 54.000
20.927 38.000
20.948 78.000
20.969 44.000
20.989 67.000
21.010 51.000
21.031 48.000
21.052 66.000
21.073 49.000
21.093 63.000
21.114 54.000
21.135 52.000
21.156 52.000
21.177 46.000
21.198 58.000
21.218 50.000
21.239 46.000
21.260 57.000
21.281 37.000
21.302 52.000
21.323 44.000
21.344 60.000
21.365 45.000
21.386 44.000
21.407 56.000
21.428 54.000
21.449 47.000
21.470 42.000
21.491 44.000
21.512 51.000
21.533 48.000
21.555 65.000
21.576 53.000
21.597 45.000
21.618 52.000
21.639 43.000
21.660 59.000
21.682 50.000
21.703 38.000
21.724 49.000
21.745 46.000
21.766 33.000
21.788 49.000
21.809 46.000
21.830 46.000
21.852 51.000
21.873 45.000
21.894 41.000
21.916 46.000
21.937 61.000
21.958 35.000
21.980 43.000
22.001 57.000
22.023 47.000
22.044 51.000
22.065 37.000
22.087 47.000
22.108 46.000
22.130 42.000
22.151 42.000
22.173 47.000
22.194 53.000
22.216 46.000
22.238 45.000
22.259 35.000
22.281 55.000
22.302 50.000
22.324 53.000
22.346 42.000
22.367 43.000
22.389 41.000
22.410 51.000
22.432 43.000
22.454 51.000
22.476 52.000
22.497 50.000
22.519 37.000
22.541 51.000
22.563 50.000
22.584 53.000
22.606 61.000
22.628 38.000
22.650 59.000
22.672 58.000
22.693 49.000
22.715 58.000
22.737 51.000
22.759 43.000
22.781 60.000
22.803 53.000
22.825 52.000
22.847 51.000
22.869 66.000
22.891 70.000
22.913 50.000
22.935 61.000
22.957 48.000
22.979 58.000
23.001 67.000
23.023 56.000
23.045 58.000
23.067 47.000
23.089 58.000
23.111 60.000
23.133 55.000
23.155 69.000
23.177 60.000
23.199 48.000
23.222 55.000
23.244 55.000
23.266 50.000
23.288 54.000
23.310 66.000
23.333 74.000
23.355 62.000
23.377 38.000
23.399 56.000
23.422 56.000
23.444 56.000
23.466 61.000
23.489 56.000
23.511 54.000
23.533 57.000
23.556 67.000
23.578 64.000
23.600 39.000
23.623 54.000
23.645 62.000
23.668 51.000
23.690 64.000
23.713 68.000
23.735 61.000
23.757 61.000
23.780 58.000
23.802 58.000
23.825 53.000
23.848 53.000
23.870 50.000
23.893 36.000
23.915 58.000
23.938 62.000
23.960 62.000
23.983 56.000
24.006 66.000
24.028 51.000
24.051 50.000
24.073 52.000
24.096 53.000
24.119 39.000
24.142 53.000
24.164 70.000
24.187 68.000
24.210 55.000
24.232 57.000
24.255 58.000
24.278 57.000
24.301 51.000
24.324 55.000
24.346 61.000
24.369 60.000
24.392 49.000
24.415 52.000
24.438 60.000
24.461 57.000
24.483 70.000
24.506 60.000
24.529 49.000
24.552 56.000
24.575 54.000
24.598 56.000
24.621 65.000
24.644 52.000
24.667 63.000
24.690 70.000
24.713 76.000
24.736 51.000
24.759 64.000
24.782 54.000
24.805 62.000
24.828 62.000
24.851 59.000
24.874 73.000
24.897 63.000
24.921 68.000
24.944 57.000
24.967 70.000
24.990 67.000
25.013 50.000
25.036 55.000
25.060 63.000
25.083 63.000
25.106 72.000
25.129 53.000
25.152 44.000
25.176 56.000
25.199 56.000
25.222 54.000
25.245 62.000
25.269 46.000
25.292 61.000
25.315 65.000
25.339 74.000
25.362 51.000
25.385 58.000
25.409 61.000
25.432 51.000
25.456 56.000
25.479 60.000
25.502 58.000
25.526 63.000
25.549 67.000
25.573 75.000
25.596 76.000
25.620 61.000
25.643 72.000
25.667 66.000
25.690 69.000
25.714 88.000
25.737 74.000
25.761 75.000
25.784 90.000
25.808 98.000
25.832 74.000
25.855 74.000
25.879 106.000
25.902 90.000
25.926 69.000
25.950 69.000
25.973 70.000
25.997 84.000
26.021 83.000
26.044 69.000
26.068 82.000
26.092 59.000
26.115 59.000
26.139 59.000
26.163 57.000
26.187 65.000
26.211 57.000
26.234 52.000
26.258 61.000
26.282 73.000
26.306 64.000
26.330 70.000
26.353 71.000
26.377 64.000
26.401 54.000
26.425 72.000
26.449 73.000
26.473 63.000
26.497 73.000
26.521 71.000
26.545 75.000
26.568 61.000
26.592 74.000
26.616 81.000
26.640 83.000
26.664 89.000
26.688 81.000
26.712 76.000
26.736 85.000
26.760 76.000
26.784 89.000
26.809 78.000
26.833 79.000
26.857 84.000
26.881 80.000
26.905 98.000
26.929 78.000
26.953 89.000
26.977 92.000
27.001 71.000
27.026 79.000
27.050 72.000
27.074 78.000
27.098 66.000
27.122 71.000
27.147 65.000
27.171 58.000
27.195 60.000
27.219 72.000
27.244 68.000
27.268 83.000
27.292 72.000
27.316 76.000
27.341 64.000
27.365 72.000
27.389 55.000
27.414 58.000
27.438 57.000
27.462 66.000
27.487 66.000
27.511 71.000
27.535 64.000
27.560 63.000
27.584 60.000
27.609 53.000
27.633 75.000
27.658 65.000
27.682 62.000
27.707 54.000
27.731 74.000
27.755 78.000
27.780 56.000
27.805 56.000
27.829 63.000
27.854 85.000
27.878 66.000
27.903 60.000
27.927 66.000
27.952 50.000
27.976 50.000
28.001 67.000
28.026 63.000
28.050 69.000
28.075 52.000
28.099 64.000
28.124 67.000
28.149 80.000
28.173 61.000
28.198 73.000
28.223 66.000
28.248 72.000
28.272 63.000
28.297 66.000
28.322 60.000
28.346 61.000
28.371 64.000
28.396 67.000
28.421 71.000
28.446 49.000
28.470 65.000
28.495 68.000
28.520 65.000
28.545 67.000
28.570 80.000
28.594 78.000
28.619 85.000
28.644 81.000
28.669 94.000
28.694 90.000
28.719 100.000
28.744 93.000
28.769 78.000
28.794 84.000
28.819 85.000
28.844 76.000
28.868 73.000
28.893 72.000
28.918 68.000
28.943 65.000
28.968 68.000
28.993 72.000
29.018 70.000
29.044 79.000
29.069 77.000
29.094 62.000
29.119 59.000
29.144 68.000
29.169 72.000
29.194 69.000
29.219 64.000
29.244 70.000
29.269 79.000
29.294 84.000
29.320 76.000
29.345 64.000
29.370 60.000
29.395 73.000
29.420 59.000
29.445 79.000
29.471 82.000
29.496 80.000
29.521 78.000
29.546 69.000
29.572 59.000
29.597 68.000
29.622 67.000
29.647 68.000
29.673 72.000
29.698 73.000
29.723 66.000
29.749 79.000
29.774 69.000
29.799 75.000
29.825 64.000
29.850 63.000
29.875 57.000
29.901 73.000
29.926 73.000
29.951 83.000
29.977 62.000
30.002 56.000
30.028 85.000
30.053 67.000
30.078 64.000
30.104 71.000
30.129 81.000
30.155 62.000
30.180 67.000
30.206 58.000
30.231 87.000
30.257 57.000
30.282 60.000
30.308 66.000
30.333 68.000
30.359 61.000
30.385 77.000
30.410 63.000
30.436 67.000
30.461 66.000
30.487 66.000
30.512 70.000
30.538 75.000
30.564 80.000
30.589 71.000
30.615 80.000
30.641 67.000
30.666 72.000
30.692 70.000
30.718 60.000
30.743 70.000
30.769 75.000
30.795 93.000
30.820 79.000
30.846 94.000
30.872 85.000
30.898 87.000
30.923 93.000
30.949 70.000
30.975 66.000
31.001 89.000
31.026 90.000
31.052 103.000
31.078 76.000
31.104 85.000
31.130 88.000
31.156 90.000
31.181 97.000
31.207 98.000
31.233 94.000
31.259 117.000
31.285 102.000
31.311 88.000
31.337 106.000
31.363 100.000
31.388 76.000
31.414 101.000
31.440 95.000
31.466 111.000
31.492 91.000
31.518 86.000
31.544 88.000
31.570 76.000
31.596 90.000
31.622 87.000
31.648 87.000
31.674 84.000
31.700 75.000
31.726 71.000
31.752 77.000
31.778 90.000
31.804 81.000
31.830 90.000
31.857 75.000
31.883 85.000
31.909 87.000
31.935 75.000
31.961 88.000
31.987 82.000
32.013 65.000
32.039 70.000
32.065 82.000
32.092 68.000
32.118 61.000
32.144 78.000
32.170 77.000
32.196 92.000
32.223 78.000
32.249 72.000
32.275 73.000
32.301 78.000
32.327 77.000
32.354 83.000
32.380 68.000
32.406 92.000
32.432 82.000
32.459 63.000
32.485 80.000
32.511 78.000
32.538 85.000
32.564 76.000
32.590 86.000
32.617 84.000
32.643 90.000
32.669 80.000
32.696 76.000
32.722 82.000
32.748 80.000
32.775 91.000
32.801 78.000
32.827 96.000
32.854 85.000
32.880 76.000
32.907 73.000
32.933 80.000
32.960 83.000
32.986 93.000
33.012 93.000
33.039 58.000
33.065 95.000
33.092 70.000
33.118 74.000
33.145 84.000
33.171 73.000
33.198 71.000
33.224 92.000
33.251 83.000
33.277 52.000
33.304 86.000
33.331 76.000
33.357 82.000
33.384 80.000
33.410 81.000
33.437 76.000
33.463 72.000
33.490 82.000
33.517 78.000
33.543 77.000
33.570 89.000
33.597 77.000
33.623 62.000
33.650 79.000
33.676 85.000
33.703 85.000
33.730 84.000
33.757 86.000
33.783 75.000
33.810 79.000
33.837 74.000
33.863 82.000
33.890 76.000
33.917 74.000
33.943 83.000
33.970 96.000
33.997 87.000
34.024 78.000
34.051 62.000
34.077 82.000
34.104 62.000
34.131 72.000
34.158 79.000
34.184 87.000
34.211 84.000
34.238 84.000
34.265 69.000
34.292 55.000
34.319 55.000
34.345 67.000
34.372 75.000
34.399 60.000
34.426 69.000
34.453 86.000
34.480 74.000
34.507 81.000
34.534 71.000
34.561 50.000
34.587 56.000
34.614 72.000
34.641 61.000
34.668 87.000
34.695 78.000
34.722 80.000
34.749 75.000
34.776 81.000
34.803 60.000
34.830 73.000
34.857 80.000
34.884 69.000
34.911 56.000
34.938 69.000
34.965 76.000
34.992 61.000
35.019 72.000
35.046 82.000
35.073 58.000
35.100 71.000
35.127 82.000
35.155 75.000
35.182 81.000
35.209 83.000
35.236 83.000
35.263 90.000
35.290 71.000
35.317 68.000
35.344 71.000
35.371 89.000
35.399 83.000
35.426 87.000
35.453 82.000
35.480 63.000
35.507 92.000
35.534 94.000
35.562 64.000
35.589 68.000
35.616 66.000
35.643 69.000
35.670 74.000
35.698 87.000
35.725 65.000
35.752 90.000
35.779 86.000
35.807 92.000
35.834 68.000
35.861 71.000
35.888 76.000
35.916 82.000
35.943 97.000
35.970 100.000
35.997 92.000
36.025 69.000
36.052 91.000
36.079 90.000
36.107 108.000
36.134 86.000
36.161 93.000
36.189 97.000
36.216 97.000
36.243 87.000
36.271 114.000
36.298 97.000
36.326 91.000
36.353 88.000
36.380 88.000
36.408 104.000
36.435 98.000
36.463 100.000
36.490 100.000
36.517 105.000
36.545 111.000
36.572 103.000
36.600 100.000
36.627 122.000
36.655 86.000
36.682 115.000
36.710 125.000
36.737 139.000
36.765 117.000
36.792 118.000
36.820 143.000
36.847 119.000
36.875 128.000
36.902 130.000
36.930 123.000
36.957 106.000
36.985 114.000
37.012 128.000
37.040 142.000
37.067 115.000
37.095 113.000
37.122 129.000
37.150 122.000
37.178 117.000
37.205 100.000
37.233 104.000
37.260 98.000
37.288 99.000
37.316 89.000
37.343 83.000
37.371 93.000
37.399 87.000
37.426 89.000
37.454 90.000
37.481 88.000
37.509 79.000
37.537 97.000
37.564 79.000
37.592 71.000
37.620 78.000
37.648 79.000
37.675 72.000
37.703 80.000
37.731 89.000
37.758 64.000
37.786 81.000
37.814 74.000
37.842 85.000
37.869 70.000
37.897 85.000
37.925 60.000
37.953 80.000
37.980 80.000
38.008 70.000
38.036 79.000
38.064 75.000
38.091 57.000
38.119 61.000
38.147 90.000
38.175 74.000
38.203 89.000
38.230 82.000
38.258 69.000
38.286 70.000
38.314 68.000
38.342 76.000
38.370 70.000
38.397 91.000
38.425 80.000
38.453 73.000
38.481 79.000
38.509 74.000
38.537 88.000
38.565 81.000
38.593 70.000
38.620 84.000
38.648 72.000
38.676 106.000
38.704 86.000
38.732 83.000
38.760 71.000
38.788 80.000
38.816 98.000
38.844 111.000
38.872 82.000
38.900 70.000
38.928 65.000
38.956 80.000
38.984 77.000
39.012 107.000
39.040 75.000
39.068 72.000
39.096 89.000
39.124 93.000
39.152 77.000
39.180 67.000
39.208 75.000
39.236 84.000
39.264 77.000
39.292 80.000
39.320 76.000
39.348 83.000
39.376 94.000
39.404 87.000
39.432 78.000
39.460 73.000
39.488 81.000
39.516 98.000
39.544 92.000
39.572 86.000
39.600 95.000
39.629 85.000
39.657 79.000
39.685 89.000
39.713 85.000
39.741 76.000
39.769 86.000
39.797 88.000
39.825 83.000
39.854 78.000
39.882 77.000
39.910 71.000
39.938 92.000
39.966 81.000
39.994 95.000
40.023 83.000
40.051 90.000
40.079 87.000
40.107 84.000
40.135 88.000
40.163 83.000
40.192 92.000
40.220 83.000
40.248 84.000
40.276 74.000
40.304 82.000
40.333 89.000
40.361 79.000
40.389 77.000
40.417 91.000
40.446 90.000
40.474 67.000
40.502 74.000
40.530 92.000
40.559 77.000
40.587 99.000
40.615 86.000
40.644 82.000
40.672 71.000
40.700 77.000
40.728 74.000
40.757 76.000
40.785 73.000
40.813 80.000
40.842 76.000
40.870 101.000
40.898 85.000
40.927 75.000
40.955 84.000
40.983 82.000
41.012 74.000
41.040 86.000
41.068 61.000
41.097 79.000
41.125 72.000
41.153 93.000
41.182 75.000
41.210 88.000
41.239 86.000
41.267 72.000
41.295 88.000
41.324 93.000
41.352 64.000
41.381 80.000
41.409 92.000
41.437 78.000
41.466 76.000
41.494 77.000
41.523 93.000
41.551 95.000
41.580 83.000
41.608 75.000
41.636 78.000
41.665 68.000
41.693 83.000
41.722 81.000
41.750 107.000
41.779 69.000
41.807 86.000
41.836 95.000
41.864 97.000
41.893 85.000
41.921 92.000
41.950 90.000
41.978 95.000
42.007 82.000
42.035 87.000
42.064 107.000
42.092 80.000
42.121 95.000
42.149 103.000
42.178 103.000
42.206 121.000
42.235 107.000
42.263 87.000
42.292 81.000
42.320 79.000
42.349 123.000
42.377 96.000
42.406 102.000
42.435 130.000
42.463 121.000
42.492 123.000
42.520 139.000
42.549 112.000
42.577 119.000
42.606 148.000
42.635 145.000
42.663 141.000
42.692 151.000
42.720 147.000
42.749 136.000
42.778 113.000
42.806 116.000
42.835 130.000
42.864 118.000
42.892 120.000
42.921 133.000
42.949 126.000
42.978 124.000
43.007 116.000
43.035 119.000
43.064 124.000
43.093 104.000
43.121 95.000
43.150 100.000
43.179 95.000
43.207 97.000
43.236 102.000
43.265 110.000
43.293 92.000
43.322 98.000
43.351 73.000
43.379 102.000
43.408 95.000
43.437 99.000
43.466 89.000
43.494 97.000
43.523 90.000
43.552 93.000
43.580 95.000
43.609 91.000
43.638 90.000
43.667 88.000
43.695 98.000
43.724 99.000
43.753 84.000
43.782 108.000
43.810 104.000
43.839 101.000
43.868 96.000
43.897 102.000
43.925 99.000
43.954 112.000
43.983 99.000
44.012 110.000
44.040 116.000
44.069 98.000
44.098 109.000
44.127 118.000
44.156 107.000
44.184 119.000
44.213 99.000
44.242 99.000
44.271 103.000
44.299 99.000
44.328 91.000
44.357 91.000
44.386 90.000
44.415 97.000
44.444 79.000
44.472 109.000
44.501 88.000
44.530 102.000
44.559 102.000
44.588 97.000
44.617 113.000
44.645 103.000
44.674 96.000
44.703 114.000
44.732 83.000
44.761 114.000
44.790 106.000
44.819 97.000
44.847 90.000
44.876 103.000
44.905 102.000
44.934 86.000
44.963 92.000
44.992 104.000
45.021 78.000
45.050 92.000
45.078 98.000
45.107 114.000
45.136 102.000
45.165 113.000
45.194 103.000
45.223 83.000
45.252 84.000
45.281 116.000
45.310 101.000
45.339 84.000
45.367 79.000
45.396 97.000
45.425 81.000
45.454 97.000
45.483 89.000
45.512 78.000
45.541 92.000
45.570 86.000
45.599 81.000
45.628 96.000
45.657 64.000
45.686 86.000
45.715 82.000
45.744 77.000
45.773 108.000
45.802 78.000
45.831 73.000
45.860 96.000
45.889 81.000
45.917 79.000
45.946 88.000
45.975 82.000
46.004 100.000
46.033 78.000
46.062 84.000
46.091 92.000
46.120 91.000
46.149 87.000
46.178 72.000
46.207 94.000
46.236 91.000
46.265 92.000
46.294 84.000
46.323 81.000
46.352 75.000
46.381 78.000
46.410 89.000
46.439 118.000
46.468 89.000
46.497 91.000
46.526 83.000
46.555 94.000
46.585 87.000
46.614 80.000
46.643 86.000
46.672 98.000
46.701 92.000
46.730 75.000
46.759 87.000
46.788 78.000
46.817 97.000
46.846 78.000
46.875 92.000
46.904 106.000
46.933 102.000
46.962 84.000
46.991 86.000
47.020 79.000
47.049 100.000
47.078 71.000
47.107 91.000
47.136 95.000
47.166 85.000
47.195 71.000
47.224 92.000
47.253 87.000
47.282 93.000
47.311 87.000
47.340 99.000
47.369 77.000
47.398 79.000
47.427 89.000
47.456 105.000
47.485 91.000
47.515 90.000
47.544 79.000
47.573 81.000
47.602 84.000
47.631 72.000
47.660 76.000
47.689 101.000
47.718 86.000
47.747 92.000
47.777 90.000
47.806 90.000
47.835 101.000
47.864 72.000
47.893 73.000
47.922 85.000
47.951 99.000
47.980 89.000
48.009 72.000
48.039 93.000
48.068 85.000
48.097 78.000
48.126 98.000
48.155 85.000
48.184 83.000
48.213 94.000
48.243 82.000
48.272 81.000
48.301 92.000
48.330 83.000
48.359 89.000
48.388 101.000
48.417 86.000
48.447 75.000
48.476 80.000
48.505 106.000
48.534 100.000
48.563 87.000
48.592 90.000
48.622 78.000
48.651 85.000
48.680 89.000
48.709 79.000
48.738 110.000
48.767 72.000
48.797 77.000
48.826 98.000
48.855 89.000
48.884 91.000
48.913 103.000
48.942 92.000
48.972 82.000
49.001 80.000
49.030 98.000
49.059 89.000
49.088 90.000
49.118 92.000
49.147 86.000
49.176 90.000
49.205 80.000
49.234 78.000
49.263 92.000
49.293 73.000
49.322 79.000
49.351 85.000
49.380 77.000
49.409 81.000
49.439 88.000
49.468 85.000
49.497 96.000
49.526 82.000
49.555 66.000
49.585 74.000
49.614 86.000
49.643 76.000
49.672 88.000
49.701 88.000
49.731 92.000
49.760 88.000
49.789 68.000
49.818 110.000
49.848 83.000
49.877 108.000
49.906 70.000
49.935 97.000
49.964 92.000
49.994 77.000
50.023 74.000
50.052 101.000
50.081 77.000
50.110 86.000
50.140 77.000
50.169 88.000
50.198 77.000
50.227 89.000
50.257 85.000
50.286 94.000
50.315 83.000
50.344 69.000
50.374 88.000
50.403 76.000
50.432 99.000
50.461 83.000
50.490 95.000
50.520 78.000
50.549 84.000
50.578 74.000
50.607 89.000
50.637 82.000
50.666 103.000
50.695 100.000
50.724 69.000
50.754 80.000
50.783 77.000
50.812 90.000
50.841 92.000
50.870 85.000
50.900 76.000
50.929 104.000
50.958 98.000
50.987 73.000
51.017 92.000
51.046 89.000
51.075 90.000
51.104 71.000
51.134 70.000
51.163 87.000
51.192 101.000
51.221 87.000
51.251 86.000
51.280 73.000
51.309 86.000
51.338 61.000
51.368 80.000
51.397 75.000
51.426 72.000
51.455 107.000
51.485 88.000
51.514 78.000
51.543 82.000
51.572 82.000
51.602 66.000
51.631 84.000
51.660 90.000
51.689 89.000
51.719 85.000
51.748 86.000
51.777 86.000
51.806 83.000
51.836 68.000
51.865 87.000
51.894 95.000
51.923 80.000
51.953 105.000
51.982 92.000
52.011 78.000
52.040 75.000
52.070 91.000
52.099 87.000
52.128 91.000
52.157 83.000
52.187 83.000
52.216 91.000
52.245 88.000
52.274 78.000
52.304 97.000
52.333 76.000
52.362 99.000
52.391 71.000
52.421 87.000
52.450 79.000
52.479 88.000
52.508 63.000
52.538 78.000
52.567 71.000
52.596 94.000
52.625 82.000
52.655 84.000
52.684 92.000
52.713 94.000
52.742 89.000
52.772 86.000
52.801 73.000
52.830 86.000
52.859 108.000
52.889 78.000
52.918 71.000
52.947 93.000
52.976 76.000
53.006 80.000
53.035 77.000
53.064 84.000
53.093 63.000
53.123 85.000
53.152 96.000
53.181 92.000
53.210 86.000
53.240 98.000
53.269 79.000
53.298 84.000
53.327 101.000
53.357 86.000
53.386 84.000
53.415 97.000
53.444 88.000
53.473 94.000
53.503 72.000
53.532 111.000
