56.500
50.833
55.833
53.333
52.667
59.500
60.000
50.667
50.667
49.667
50.167
48.500
50.333
49.333
52.167
48.833
48.167
47.000
53.000
52.500
52.000
52.333
49.000
50.000
52.667
52.000
50.333
49.500
49.500
52.333
54.500
50.833
58.000
46.833
50.167
46.833
52.000
50.833
55.000
59.500
54.000
51.833
50.500
49.167
53.833
55.167
57.333
60.333
53.667
52.833
52.333
56.833
49.667
49.667
52.000
58.833
53.333
52.500
54.167
55.833
44.667
53.167
50.000
50.167
51.333
50.167
50.333
51.500
46.500
53.833
52.167
50.500
48.000
55.167
44.833
57.333
53.500
50.167
48.000
54.000
50.667
49.000
48.000
47.833
44.667
48.333
45.333
47.000
49.833
45.833
50.333
42.667
49.667
44.000
49.167
44.167
44.000
45.500
45.333
46.167
50.333
49.500
45.167
51.667
43.333
51.000
46.167
43.333
46.833
45.000
51.333
50.333
47.833
44.333
53.500
49.000
49.000
50.000
48.167
46.833
47.000
53.000
46.167
50.000
53.167
50.667
55.333
56.500
56.667
56.167
60.833
58.667
56.333
56.167
63.167
54.333
62.167
55.667
55.667
58.000
52.333
51.500
57.500
62.833
54.500
55.167
50.667
52.167
53.000
54.833
53.167
52.167
53.333
53.000
58.833
58.167
58.000
50.167
51.833
53.167
62.167
54.333
56.833
52.667
58.167
51.167
61.833
56.667
58.167
59.167
56.333
59.667
55.333
51.833
50.667
62.667
51.667
54.333
53.667
57.000
55.333
55.667
58.833
58.000
59.167
61.833
52.167
55.833
54.667
52.167
52.667
54.000
54.667
48.000
53.333
56.500
55.667
56.500
54.500
61.333
55.833
56.833
59.167
50.167
50.667
59.000
56.333
52.333
56.833
56.833
48.333
52.167
56.667
61.000
62.333
61.833
60.667
53.667
60.500
58.833
60.667
58.833
53.167
58.167
53.833
64.667
67.333
64.833
58.333
61.000
57.833
55.833
63.000
54.333
58.000
53.833
54.333
62.333
57.167
59.000
56.333
51.667
60.333
63.500
52.167
62.667
56.167
58.667
63.333
54.667
58.167
55.667
59.000
62.333
67.000
67.000
67.500
75.667
72.667
76.000
77.667
70.667
74.667
76.167
79.833
80.500
84.833
81.667
82.333
77.333
78.333
74.167
85.500
79.333
74.167
76.333
76.667
73.167
77.667
65.500
73.833
72.000
73.333
71.833
71.833
70.333
71.167
69.833
64.500
63.667
66.167
75.333
72.833
68.333
73.000
77.500
72.167
79.167
80.000
79.333
72.167
85.167
84.500
76.167
83.667
85.833
82.000
74.000
83.000
83.500
87.667
82.500
77.000
73.833
85.000
70.000
83.833
76.333
77.333
75.500
78.000
69.833
73.833
73.500
74.667
64.167
67.000
66.333
74.167
68.000
66.167
70.000
63.667
64.667
63.500
61.833
72.000
65.333
64.167
65.667
62.167
62.000
69.833
62.333
64.167
64.333
59.333
71.000
73.500
65.667
69.333
65.500
66.833
59.333
70.500
60.833
63.667
60.333
62.333
59.167
61.667
60.333
61.167
62.333
70.500
65.167
58.333
68.667
76.167
65.500
65.833
73.500
71.333
69.167
70.167
67.500
78.167
74.833
76.000
84.500
80.500
67.167
79.167
82.167
84.500
81.833
87.000
76.167
91.000
83.167
84.667
80.667
81.333
76.500
76.667
74.833
79.167
65.833
73.500
77.167
74.833
71.000
75.333
72.000
74.833
67.333
68.167
76.500
75.667
81.333
64.000
74.000
75.500
71.667
68.667
68.000
76.167
71.333
73.333
78.333
70.833
74.000
73.833
69.833
68.000
71.833
68.833
66.833
67.167
66.833
72.833
67.000
68.500
61.167
66.500
62.000
66.500
66.333
76.167
67.500
67.000
63.500
62.167
66.333
66.000
75.167
70.000
62.000
62.000
70.333
67.833
68.167
67.167
64.667
69.000
72.333
59.500
66.667
74.667
67.333
66.333
69.833
73.333
64.000
76.500
67.833
71.667
69.167
63.833
79.000
76.500
81.667
76.833
81.667
81.167
82.167
80.500
75.833
86.500
87.000
88.333
85.667
92.500
89.000
103.500
94.667
101.833
93.500
99.667
102.833
97.833
95.500
101.333
96.667
101.333
90.667
95.000
90.167
95.167
95.167
80.167
84.667
87.500
92.833
83.167
88.833
81.667
88.500
71.833
77.667
76.500
83.833
81.500
74.167
74.500
78.833
77.000
78.333
70.000
76.833
72.833
71.833
85.333
68.667
72.500
77.000
79.333
77.833
75.500
71.167
72.333
80.167
84.833
94.833
79.667
76.333
83.833
81.000
80.000
78.333
90.000
88.167
84.333
86.333
83.000
87.000
71.500
76.833
82.500
82.000
83.667
74.500
79.167
75.167
81.667
79.333
75.667
69.333
68.000
83.667
66.500
78.000
77.833
78.500
76.667
76.333
79.833
67.500
66.333
75.500
78.000
80.000
74.167
79.167
86.167
76.500
79.500
83.000
82.167
76.667
78.333
78.500
80.667
81.500
80.833
79.500
69.333
77.333
75.500
78.000
75.667
79.333
77.000
67.000
80.833
77.500
78.667
75.833
75.667
77.333
68.000
85.667
70.167
73.000
81.000
74.167
69.000
68.500
73.333
62.500
71.333
69.500
74.833
74.167
69.333
68.167
68.333
69.167
71.000
69.333
75.500
63.833
73.500
74.667
71.500
72.333
70.333
71.500
69.500
77.667
72.167
71.333
76.500
71.833
82.167
75.000
80.833
74.500
75.667
76.167
74.667
70.333
80.167
79.333
83.500
78.167
82.000
79.167
71.667
74.167
80.833
78.333
78.000
85.500
74.667
77.167
82.500
71.500
84.500
79.833
85.833
77.667
89.667
87.667
82.333
84.000
100.833
85.000
84.333
89.333
93.333
98.500
89.833
87.000
97.833
92.833
96.167
93.500
105.833
103.167
103.667
104.667
119.000
104.833
116.500
108.667
114.667
120.500
123.500
118.500
114.333
121.667
124.167
135.500
127.833
123.667
128.333
126.000
127.500
121.833
120.833
123.500
112.667
117.000
115.167
114.500
107.833
121.333
113.333
107.167
102.333
101.000
102.000
94.000
94.000
93.500
83.833
87.833
83.500
96.000
86.500
95.333
86.667
90.333
80.167
81.167
86.500
78.500
78.833
92.500
79.500
75.667
78.333
73.667
87.167
70.667
78.167
83.167
74.500
80.500
74.833
76.333
77.667
73.000
77.667
73.167
83.000
76.667
78.000
80.500
77.667
82.500
82.833
80.833
79.167
84.000
75.500
74.000
77.167
81.500
84.500
74.667
73.167
86.167
88.333
83.833
85.833
84.333
84.167
84.833
90.500
77.833
78.667
76.500
84.333
84.667
86.500
89.667
86.500
90.667
86.333
87.333
81.833
86.667
88.333
79.500
83.667
85.000
76.167
86.000
85.333
88.833
79.500
79.500
92.667
88.167
80.000
84.000
86.333
83.833
88.167
82.500
83.667
83.333
78.667
81.833
78.000
87.167
73.333
81.833
86.000
96.167
86.000
77.333
78.667
79.000
82.167
77.500
86.333
86.833
79.667
81.833
82.833
82.167
92.833
85.500
85.167
83.167
82.500
86.667
88.000
91.667
87.167
92.333
90.167
79.167
81.000
87.500
79.500
87.667
87.667
91.500
88.500
81.167
81.000
93.167
85.667
87.500
86.500
83.833
82.667
83.833
88.333
84.000
96.167
87.000
93.000
90.667
79.000
82.000
83.167
82.833
80.000
92.167
95.167
93.333
89.833
84.833
85.000
86.667
80.833
91.333
86.000
96.333
84.500
91.500
94.833
96.333
83.833
98.667
105.833
103.833
112.667
101.000
102.833
103.500
104.667
116.333
118.667
111.500
122.167
113.833
121.000
117.500
134.667
119.167
117.333
125.167
127.167
129.500
127.500
128.333
138.000
142.833
118.833
130.500
125.000
124.833
126.333
126.833
108.667
122.167
118.833
122.500
121.833
125.333
124.500
109.833
111.167
108.167
111.167
102.000
103.333
100.167
108.500
107.500
100.167
99.333
108.667
99.000
97.000
103.333
102.667
107.667
104.000
112.500
102.667
101.500
104.333
96.667
103.500
105.667
101.667
95.167
106.667
106.333
109.000
109.500
115.167
85.667
103.833
101.333
109.500
106.000
96.500
102.833
106.667
102.000
102.667
109.833
110.833
100.667
105.833
109.167
100.833
103.833
103.667
107.667
97.667
99.167
100.333
104.000
104.667
105.500
111.833
99.000
98.833
102.500
99.667
105.833
100.833
98.833
99.500
92.500
92.333
103.833
89.667
98.333
96.833
102.667
98.333
93.500
97.667
97.667
95.333
92.833
95.167
96.167
89.167
91.000
93.833
97.333
97.333
85.333
89.333
82.500
91.667
85.833
91.667
83.167
88.833
93.667
85.167
86.000
87.333
76.333
89.833
90.000
84.000
79.833
87.667
88.833
82.500
86.500
85.000
85.333
85.000
88.167
85.833
81.833
88.667
94.833
97.500
88.333
98.667
90.500
85.833
87.500
84.833
86.167
84.000
93.333
84.000
95.500
88.500
93.167
92.833
79.167
92.333
87.833
90.333
89.167
85.667
91.833
90.333
78.167
84.667
95.833
96.167
91.167
87.000
86.000
86.833
97.500
84.667
84.833
90.000
83.833
87.667
82.667
80.667
88.500
85.000
96.000
85.833
78.667
86.833
87.333
94.167
84.333
76.000
80.500
77.833
82.500
88.000
83.167
90.833
89.833
90.000
84.000
79.833
86.000
88.333
84.167
92.667
89.167
88.000
97.000
94.500
79.500
84.500
85.833
86.333
97.667
83.000
91.167
95.000
92.500
97.333
94.833
91.167
86.500
91.500
88.833
86.333
90.333
89.000
91.500
89.333
89.000
94.833
80.667
84.667
79.833
86.500
95.500
95.500
94.667
90.667
98.333
77.667
80.500
83.833
85.167
89.000
78.500
86.167
88.333
79.833
92.000
90.167
80.667
83.500
71.833
92.000
78.833
80.500
90.167
89.000
81.000
87.667
84.000
85.500
85.333
89.167
96.833
86.667
86.333
83.333
95.333
87.833
88.000
93.000
94.833
97.000
98.000
94.000
92.667
91.833
85.167
86.500
94.167
84.833
87.833
84.333
89.500
87.333
91.000
84.833
92.333
90.000
92.167
100.667
93.000
92.500
92.833
97.167
89.167
93.000
93.000
87.667
92.333
84.000
87.167
75.833
90.500
94.667
94.333
93.833
88.167
98.333
90.167
78.000
97.167
91.333
87.167
86.333
97.833
85.500
82.167
85.333
80.667
90.333
87.000
84.167
89.167
90.333
88.500
87.833
91.000
88.833
81.000
91.500
86.667
85.833
91.833
94.667
89.333
94.000
91.500
87.833
85.333
84.000
91.167
86.333
85.833
88.500
84.167
93.167
82.500
88.500
82.333
84.833
88.667
86.000
84.500
87.167
92.833
97.500
84.667
81.000
92.167
93.333
76.333
81.833
74.500
87.000
92.000
81.333
96.000
87.833
81.500
82.500
83.167
86.000
91.667
85.167
87.000
86.167
86.167
83.333
84.667
79.500
83.667
87.167
86.000
80.833
83.500
90.833
103.333
