63.167
63.167
70.000
65.667
61.833
58.167
60.667
68.000
52.500
39.333
44.333
37.167
38.000
37.500
40.667
39.167
40.500
36.500
40.667
40.667
43.833
38.667
41.833
41.500
41.833
38.833
43.333
41.833
40.667
45.500
43.000
44.667
45.500
44.500
43.167
41.000
41.500
46.500
42.000
40.167
45.167
41.667
40.000
38.833
43.500
41.833
42.000
46.167
47.000
38.167
44.667
44.667
41.833
43.167
44.167
42.833
45.833
42.167
46.500
41.833
45.333
47.500
45.667
47.667
44.833
41.000
38.833
39.167
43.000
48.167
42.667
44.000
41.500
39.667
40.000
47.500
44.000
41.167
43.000
44.000
43.000
46.000
39.333
46.000
43.333
39.000
44.500
41.333
43.000
40.000
40.000
45.333
40.167
42.500
38.667
41.833
37.500
40.167
42.500
46.167
39.333
37.500
39.000
47.167
45.667
38.833
39.000
36.500
34.500
45.500
42.167
41.833
40.500
40.667
38.167
37.500
37.667
41.167
39.833
45.167
44.667
39.333
37.000
44.333
49.000
40.167
47.500
42.667
39.333
45.833
43.667
44.833
44.167
51.167
42.667
55.500
52.333
50.333
51.667
57.167
47.333
53.000
45.833
51.333
47.167
48.833
48.833
46.667
47.333
49.667
47.167
47.833
45.333
53.000
48.000
49.333
49.500
49.833
49.167
44.500
46.833
48.500
49.667
51.167
45.667
43.833
51.167
48.833
48.167
52.833
46.167
45.333
45.000
52.833
53.333
50.333
49.000
49.333
49.333
43.167
51.333
44.500
48.167
45.500
50.167
45.000
46.833
46.167
46.667
45.167
45.500
50.167
45.500
45.667
46.333
48.333
44.333
45.833
44.833
42.500
44.500
40.500
43.833
48.833
47.500
51.000
49.167
46.333
50.500
49.500
45.000
51.000
46.167
43.667
51.167
47.333
55.000
54.333
52.500
53.000
48.000
53.500
53.333
50.500
49.000
51.667
55.000
51.333
56.833
55.667
52.667
45.333
53.167
47.667
49.667
47.333
46.167
48.333
47.167
49.667
46.333
44.167
49.500
48.167
44.500
50.333
53.333
57.833
48.333
49.833
54.333
52.000
53.333
55.500
57.333
58.333
60.667
63.167
65.000
57.833
60.167
67.333
63.667
65.000
65.167
72.167
67.667
69.667
74.000
75.833
76.167
72.000
71.167
75.333
74.667
68.833
68.333
68.000
63.333
67.167
60.500
64.333
61.667
58.667
59.500
63.167
56.500
61.000
57.167
61.500
63.333
59.667
61.667
59.833
62.167
60.167
59.167
65.833
66.333
60.000
70.667
64.333
67.167
63.500
71.667
75.167
76.167
68.167
59.167
72.333
70.667
71.000
81.333
71.500
70.500
61.667
69.333
66.833
68.667
64.833
69.333
69.167
71.333
67.000
73.333
59.667
56.000
63.500
59.833
61.000
64.333
62.667
59.333
65.833
58.500
55.667
56.833
55.167
61.000
53.167
55.833
56.667
59.000
64.500
58.167
59.000
61.167
57.500
61.500
62.333
61.167
57.167
53.833
57.833
56.500
54.833
53.167
60.667
60.667
56.000
57.667
55.833
57.167
53.667
55.500
56.500
57.500
57.667
60.167
62.667
54.833
67.667
60.500
64.000
61.000
65.167
69.667
61.000
70.167
72.167
70.000
67.667
71.333
78.500
72.833
76.667
73.333
76.500
76.333
82.500
72.667
79.167
76.833
78.833
71.500
76.000
68.500
73.667
67.333
63.833
68.500
64.667
64.667
60.333
61.833
65.167
62.000
63.000
60.667
64.000
61.167
69.167
67.667
64.000
66.000
62.000
64.167
68.333
68.667
65.667
60.833
70.667
67.333
64.000
60.000
65.333
66.833
64.833
61.667
59.500
63.333
62.667
59.833
61.500
62.667
62.167
59.667
65.500
65.000
61.500
61.667
60.667
58.167
52.167
62.333
62.333
64.000
64.333
62.000
64.833
53.667
59.500
61.000
56.167
63.833
65.500
61.167
62.500
68.167
58.333
64.000
58.333
67.833
64.833
62.500
70.667
60.667
66.000
67.000
67.500
68.333
74.500
68.833
72.833
72.500
73.167
73.333
75.667
79.500
79.500
82.667
79.333
80.500
81.333
91.167
85.333
90.333
87.667
88.000
93.667
91.833
90.833
86.333
92.833
95.833
89.667
91.500
92.500
95.000
79.167
79.167
83.167
78.833
77.333
80.667
70.833
77.667
71.833
71.000
68.667
68.833
71.500
73.000
77.000
68.500
65.167
62.500
65.500
66.333
66.167
70.333
71.667
69.833
65.667
67.833
69.167
66.500
65.833
71.667
68.500
68.500
69.667
66.000
79.167
80.500
77.167
74.500
71.333
80.333
83.167
94.333
80.000
74.833
85.500
82.667
85.333
74.333
79.167
75.667
77.167
75.167
72.833
73.333
77.333
65.500
77.667
75.833
62.500
70.667
77.833
64.333
68.500
68.833
70.667
73.000
62.167
69.500
72.667
63.000
67.000
73.167
72.000
66.333
71.667
68.500
64.333
73.833
72.000
73.000
79.167
74.833
68.667
73.333
77.500
75.833
77.000
72.000
73.000
77.833
68.500
74.333
82.500
78.833
76.333
81.500
70.167
84.000
81.167
86.167
81.000
73.667
72.500
74.500
70.833
76.667
65.667
75.333
71.667
70.333
65.500
68.333
69.667
67.167
70.000
60.333
64.333
69.000
61.500
62.167
66.167
72.500
65.000
66.333
67.167
68.833
69.667
62.167
71.000
68.500
65.667
69.500
72.333
74.000
68.000
78.000
69.000
70.833
71.500
68.167
63.167
70.667
67.167
74.167
74.667
68.000
73.833
70.500
68.167
76.167
72.333
75.500
71.667
77.000
78.833
72.667
77.667
73.167
77.000
75.000
74.833
74.333
86.000
78.000
86.167
84.000
87.667
80.667
81.333
82.167
84.833
87.333
89.333
89.833
82.333
93.500
93.500
85.500
90.333
97.500
86.333
95.833
100.667
105.000
111.333
108.667
106.833
109.667
105.667
115.833
118.333
107.167
121.833
122.500
128.667
127.833
123.500
138.000
129.500
133.167
121.167
125.167
131.667
113.000
122.333
117.167
107.667
110.000
110.167
101.500
102.333
102.333
95.000
85.333
92.333
87.833
79.667
85.000
85.500
80.667
85.667
73.000
93.833
76.333
81.667
74.333
77.667
83.333
76.333
79.000
87.667
74.333
71.667
76.000
75.333
75.167
71.667
71.500
72.500
73.667
77.833
75.167
66.667
72.000
69.167
66.667
76.000
75.500
81.000
75.667
76.833
73.167
70.167
72.000
70.333
82.500
77.833
74.500
72.667
76.333
76.000
79.667
75.500
73.833
78.667
79.333
73.500
85.833
76.667
76.167
74.667
72.667
82.833
80.167
84.333
83.000
78.667
80.167
83.167
79.333
82.333
82.667
85.333
83.667
78.833
89.000
79.833
83.000
83.833
79.000
81.833
82.833
79.500
80.333
75.500
78.667
85.333
77.167
81.667
81.833
88.000
82.333
75.333
78.833
83.667
72.833
81.167
73.500
81.833
78.000
83.667
80.167
81.833
78.167
77.167
87.167
80.333
81.500
76.167
78.500
80.833
82.500
77.500
84.167
76.833
80.333
76.500
85.500
77.000
90.000
74.833
86.167
83.167
82.333
85.667
88.833
85.833
81.333
81.167
76.167
82.500
87.667
84.167
82.500
87.000
79.000
82.333
81.000
85.667
72.833
88.333
86.667
78.333
84.500
84.167
89.667
81.000
75.333
79.333
77.333
86.333
79.833
80.000
86.333
86.000
82.000
82.667
88.500
73.500
87.667
83.333
87.000
79.167
78.000
87.000
86.167
81.500
80.167
82.167
86.500
89.833
84.500
88.167
100.667
97.167
90.000
92.500
92.167
97.333
97.833
106.500
112.500
104.500
112.667
106.333
117.833
116.167
121.333
129.167
129.500
136.000
130.667
117.500
132.333
131.000
132.500
125.667
137.833
129.167
135.667
124.833
119.833
130.500
121.167
122.167
124.333
117.000
103.000
115.167
103.333
104.667
97.333
100.333
96.333
90.500
100.667
95.333
92.500
89.167
99.000
83.667
85.167
92.500
93.000
94.667
99.333
98.000
93.167
98.167
102.500
98.500
100.500
101.667
107.667
107.000
101.833
98.500
107.500
108.500
108.333
102.167
112.000
104.000
106.000
111.000
105.000
107.167
96.167
99.000
97.833
98.000
109.167
96.167
101.500
104.500
95.833
89.333
100.167
93.333
103.667
89.000
97.667
93.833
95.000
101.000
94.500
92.833
94.500
106.333
100.500
95.833
96.500
95.833
100.667
95.500
89.667
100.333
95.833
91.333
85.500
90.167
88.500
88.833
89.500
91.500
86.000
87.333
89.833
90.167
85.667
99.667
90.667
85.833
90.167
80.667
83.833
77.333
87.167
83.667
84.833
86.000
92.500
87.667
84.000
81.667
82.000
76.500
79.000
88.000
74.167
85.000
81.000
81.333
75.500
71.167
85.500
78.500
80.667
81.000
82.000
82.333
82.167
91.333
84.333
85.000
88.833
89.333
90.667
82.500
91.500
83.833
86.167
87.500
81.167
89.500
89.000
80.333
92.500
87.500
91.333
87.833
81.000
86.833
93.000
82.667
90.667
83.333
77.333
95.167
95.667
91.500
84.000
95.667
92.000
80.500
81.000
87.333
91.833
86.833
83.333
85.667
91.167
91.833
83.833
81.167
83.833
84.500
79.167
77.167
82.000
81.333
83.000
82.667
81.000
73.500
78.333
79.000
85.500
87.333
84.000
78.000
76.167
76.167
73.833
74.167
78.167
78.833
89.667
84.333
83.000
90.333
80.333
84.000
89.333
88.000
82.500
87.000
87.000
87.000
78.500
83.500
90.833
83.000
88.000
87.333
86.833
95.000
90.167
91.000
92.167
88.500
89.500
82.333
93.667
86.167
89.167
86.167
84.000
91.500
91.500
84.167
84.333
82.000
86.333
77.167
80.000
84.500
89.667
76.667
79.667
81.167
83.000
81.667
79.167
77.333
75.333
77.000
82.667
82.833
84.167
71.667
81.167
78.667
80.000
77.667
77.667
88.667
88.833
85.833
82.833
84.667
83.833
86.333
87.167
87.667
92.000
91.833
80.500
84.667
91.500
85.500
83.833
95.667
86.167
97.333
85.000
89.000
82.333
85.333
83.500
84.833
88.000
90.000
85.000
86.667
84.667
90.500
83.833
83.500
90.000
93.833
94.667
87.500
82.167
91.667
88.000
83.000
84.000
86.500
92.833
85.333
85.167
90.333
84.500
87.333
80.000
88.500
84.500
82.500
89.833
90.500
87.167
91.500
84.000
87.667
82.667
87.667
92.167
82.000
85.667
88.333
81.833
81.500
98.833
90.000
87.333
87.667
95.167
93.333
85.167
85.000
82.500
89.667
78.833
95.333
91.333
80.500
84.667
77.000
86.833
86.333
82.000
90.000
79.000
81.500
88.000
83.167
76.333
91.167
92.000
83.333
85.000
88.667
90.500
83.500
83.167
83.833
83.833
86.333
84.667
88.500
83.167
78.833
80.500
86.667
84.333
87.000
86.000
85.333
86.500
81.167
80.833
82.167
84.167
79.833
84.333
91.167
82.833
80.667
81.333
80.500
