48.000
39.000
44.000
43.000
35.000
40.000
30.000
43.000
43.000
36.000
41.000
46.000
42.000
50.000
39.000
57.000
36.000
42.000
47.000
52.000
35.000
48.000
47.000
42.000
46.000
42.000
36.000
44.000
60.000
45.000
51.000
45.000
44.000
51.000
39.000
45.000
64.000
46.000
57.000
46.000
54.000
36.000
45.000
55.000
53.000
42.000
48.000
52.000
38.000
43.000
48.000
33.000
44.000
47.000
52.000
49.000
42.000
34.000
49.000
46.000
47.000
45.000
53.000
44.000
54.000
37.000
42.000
50.000
43.000
46.000
49.000
54.000
44.000
44.000
50.000
54.000
57.000
46.000
49.000
62.000
45.000
34.000
55.000
52.000
35.000
34.000
47.000
47.000
29.000
27.000
45.000
44.000
44.000
39.000
42.000
45.000
37.000
46.000
41.000
41.000
42.000
43.000
30.000
53.000
29.000
30.000
52.000
37.000
47.000
47.000
45.000
47.000
41.000
46.000
58.000
40.000
43.000
42.000
44.000
41.000
51.000
56.000
57.000
57.000
36.000
41.000
54.000
58.000
59.000
46.000
46.000
53.000
38.000
43.000
57.000
37.000
54.000
50.000
56.000
64.000
59.000
57.000
42.000
52.000
42.000
63.000
50.000
50.000
53.000
46.000
46.000
54.000
35.000
53.000
54.000
55.000
52.000
41.000
51.000
56.000
55.000
42.000
59.000
60.000
41.000
39.000
53.000
54.000
46.000
45.000
55.000
37.000
51.000
53.000
47.000
47.000
50.000
48.000
46.000
64.000
54.000
59.000
50.000
46.000
49.000
68.000
51.000
63.000
38.000
51.000
49.000
42.000
47.000
47.000
56.000
52.000
57.000
56.000
54.000
45.000
51.000
50.000
55.000
35.000
61.000
47.000
60.000
50.000
49.000
44.000
52.000
49.000
40.000
52.000
62.000
53.000
50.000
43.000
46.000
51.000
57.000
61.000
42.000
41.000
48.000
46.000
63.000
51.000
55.000
46.000
66.000
69.000
36.000
52.000
46.000
43.000
48.000
55.000
36.000
57.000
40.000
41.000
42.000
52.000
41.000
46.000
46.000
46.000
52.000
61.000
63.000
62.000
56.000
55.000
45.000
62.000
49.000
50.000
66.000
72.000
78.000
69.000
81.000
74.000
75.000
92.000
78.000
94.000
78.000
91.000
85.000
93.000
94.000
88.000
58.000
70.000
76.000
67.000
79.000
73.000
65.000
81.000
64.000
63.000
67.000
72.000
57.000
70.000
61.000
57.000
40.000
69.000
64.000
51.000
72.000
64.000
76.000
89.000
66.000
53.000
86.000
66.000
79.000
65.000
91.000
67.000
83.000
78.000
91.000
70.000
75.000
80.000
84.000
77.000
88.000
71.000
75.000
85.000
87.000
86.000
77.000
66.000
68.000
70.000
63.000
46.000
71.000
62.000
54.000
66.000
58.000
71.000
54.000
58.000
70.000
70.000
63.000
53.000
55.000
64.000
64.000
57.000
63.000
69.000
71.000
58.000
47.000
55.000
64.000
55.000
66.000
51.000
60.000
59.000
58.000
71.000
65.000
52.000
72.000
57.000
57.000
56.000
67.000
67.000
64.000
64.000
50.000
70.000
57.000
66.000
71.000
68.000
75.000
44.000
56.000
70.000
74.000
60.000
54.000
76.000
74.000
62.000
69.000
76.000
90.000
65.000
86.000
90.000
74.000
91.000
79.000
79.000
84.000
77.000
89.000
75.000
76.000
77.000
63.000
68.000
72.000
65.000
71.000
63.000
72.000
62.000
73.000
55.000
75.000
95.000
69.000
59.000
75.000
60.000
56.000
78.000
65.000
88.000
56.000
70.000
83.000
51.000
82.000
72.000
78.000
69.000
71.000
76.000
71.000
66.000
64.000
73.000
61.000
60.000
57.000
61.000
54.000
75.000
66.000
52.000
60.000
75.000
38.000
58.000
58.000
56.000
58.000
61.000
50.000
70.000
57.000
66.000
57.000
61.000
59.000
48.000
53.000
65.000
65.000
69.000
67.000
63.000
66.000
60.000
53.000
61.000
67.000
74.000
61.000
75.000
81.000
59.000
71.000
76.000
82.000
80.000
72.000
76.000
76.000
66.000
81.000
92.000
78.000
83.000
87.000
92.000
97.000
75.000
87.000
108.000
120.000
100.000
114.000
86.000
104.000
105.000
109.000
104.000
105.000
94.000
100.000
95.000
102.000
112.000
81.000
81.000
80.000
57.000
76.000
61.000
91.000
68.000
87.000
86.000
68.000
92.000
82.000
72.000
75.000
66.000
71.000
72.000
58.000
65.000
80.000
65.000
69.000
69.000
62.000
65.000
80.000
66.000
65.000
68.000
70.000
77.000
60.000
84.000
70.000
69.000
71.000
85.000
78.000
77.000
95.000
84.000
84.000
84.000
98.000
75.000
90.000
79.000
64.000
72.000
79.000
75.000
76.000
66.000
81.000
73.000
64.000
62.000
89.000
74.000
48.000
83.000
71.000
72.000
60.000
66.000
78.000
84.000
73.000
68.000
61.000
77.000
77.000
74.000
59.000
73.000
79.000
67.000
70.000
87.000
80.000
88.000
71.000
70.000
74.000
77.000
89.000
67.000
84.000
65.000
75.000
80.000
79.000
58.000
69.000
88.000
58.000
75.000
74.000
70.000
63.000
73.000
69.000
58.000
78.000
63.000
60.000
62.000
70.000
69.000
80.000
61.000
58.000
72.000
70.000
66.000
76.000
61.000
72.000
77.000
54.000
77.000
68.000
62.000
60.000
64.000
62.000
67.000
69.000
69.000
66.000
60.000
72.000
70.000
73.000
74.000
64.000
65.000
60.000
85.000
69.000
71.000
77.000
78.000
77.000
67.000
87.000
81.000
71.000
75.000
69.000
52.000
80.000
81.000
91.000
78.000
84.000
75.000
81.000
96.000
68.000
82.000
87.000
96.000
77.000
72.000
79.000
97.000
87.000
79.000
98.000
92.000
70.000
93.000
88.000
83.000
104.000
93.000
93.000
102.000
106.000
85.000
105.000
125.000
123.000
108.000
112.000
99.000
123.000
142.000
121.000
106.000
139.000
141.000
131.000
122.000
144.000
130.000
147.000
100.000
138.000
119.000
113.000
126.000
116.000
97.000
129.000
93.000
100.000
99.000
81.000
91.000
93.000
113.000
88.000
99.000
89.000
99.000
106.000
86.000
81.000
63.000
91.000
86.000
82.000
74.000
80.000
86.000
87.000
67.000
84.000
66.000
82.000
69.000
88.000
81.000
86.000
72.000
89.000
70.000
69.000
67.000
96.000
72.000
54.000
64.000
76.000
76.000
94.000
70.000
71.000
80.000
79.000
69.000
75.000
66.000
78.000
85.000
86.000
95.000
63.000
86.000
68.000
72.000
90.000
104.000
96.000
72.000
79.000
70.000
91.000
94.000
91.000
80.000
80.000
84.000
82.000
73.000
85.000
89.000
83.000
79.000
90.000
88.000
85.000
80.000
82.000
101.000
97.000
92.000
101.000
87.000
77.000
87.000
96.000
90.000
83.000
79.000
87.000
90.000
86.000
76.000
83.000
89.000
83.000
79.000
95.000
104.000
95.000
75.000
73.000
77.000
86.000
65.000
75.000
94.000
82.000
70.000
90.000
64.000
87.000
92.000
84.000
78.000
82.000
71.000
90.000
82.000
85.000
68.000
86.000
86.000
66.000
83.000
71.000
77.000
80.000
83.000
105.000
82.000
86.000
101.000
80.000
76.000
88.000
82.000
98.000
90.000
86.000
75.000
96.000
87.000
96.000
83.000
89.000
71.000
65.000
85.000
89.000
88.000
55.000
91.000
102.000
80.000
103.000
88.000
71.000
94.000
76.000
92.000
77.000
84.000
79.000
86.000
96.000
83.000
108.000
96.000
97.000
90.000
95.000
84.000
99.000
107.000
102.000
90.000
105.000
101.000
95.000
98.000
97.000
105.000
122.000
127.000
129.000
134.000
117.000
121.000
161.000
151.000
142.000
128.000
146.000
133.000
126.000
123.000
130.000
133.000
136.000
126.000
133.000
105.000
118.000
121.000
132.000
134.000
110.000
91.000
106.000
97.000
92.000
91.000
80.000
108.000
89.000
82.000
93.000
80.000
98.000
82.000
87.000
92.000
84.000
73.000
99.000
79.000
85.000
91.000
99.000
99.000
125.000
85.000
99.000
88.000
105.000
75.000
128.000
92.000
119.000
122.000
89.000
93.000
104.000
110.000
106.000
89.000
112.000
79.000
98.000
118.000
106.000
106.000
97.000
103.000
91.000
110.000
75.000
84.000
95.000
104.000
104.000
106.000
87.000
115.000
109.000
96.000
102.000
106.000
112.000
82.000
104.000
104.000
85.000
98.000
87.000
78.000
110.000
121.000
97.000
128.000
105.000
105.000
84.000
90.000
84.000
114.000
101.000
105.000
83.000
89.000
77.000
92.000
106.000
101.000
93.000
80.000
84.000
106.000
80.000
70.000
81.000
73.000
97.000
75.000
82.000
81.000
81.000
87.000
78.000
84.000
95.000
87.000
95.000
88.000
87.000
90.000
88.000
88.000
86.000
82.000
84.000
91.000
102.000
86.000
96.000
97.000
88.000
76.000
78.000
86.000
80.000
93.000
82.000
76.000
85.000
92.000
104.000
87.000
99.000
84.000
67.000
88.000
84.000
108.000
88.000
87.000
76.000
81.000
107.000
93.000
78.000
84.000
83.000
89.000
94.000
71.000
86.000
96.000
95.000
83.000
83.000
80.000
81.000
89.000
89.000
86.000
66.000
86.000
75.000
102.000
70.000
86.000
92.000
84.000
88.000
83.000
84.000
95.000
82.000
91.000
84.000
89.000
97.000
105.000
89.000
81.000
70.000
80.000
78.000
72.000
81.000
90.000
99.000
96.000
74.000
85.000
88.000
83.000
79.000
88.000
99.000
106.000
88.000
87.000
78.000
74.000
82.000
85.000
108.000
79.000
88.000
97.000
88.000
94.000
81.000
82.000
81.000
89.000
92.000
88.000
103.000
91.000
88.000
92.000
81.000
97.000
83.000
95.000
78.000
64.000
101.000
107.000
82.000
93.000
100.000
76.000
69.000
82.000
86.000
90.000
87.000
89.000
98.000
100.000
83.000
91.000
102.000
84.000
109.000
98.000
88.000
91.000
90.000
109.000
87.000
102.000
98.000
86.000
89.000
74.000
102.000
83.000
81.000
103.000
83.000
84.000
79.000
86.000
95.000
89.000
92.000
84.000
103.000
91.000
102.000
81.000
82.000
109.000
70.000
76.000
84.000
100.000
90.000
98.000
89.000
85.000
88.000
90.000
76.000
104.000
88.000
76.000
90.000
96.000
95.000
100.000
86.000
89.000
82.000
85.000
64.000
99.000
89.000
80.000
80.000
74.000
84.000
91.000
89.000
83.000
74.000
100.000
96.000
88.000
112.000
72.000
92.000
95.000
61.000
88.000
93.000
78.000
76.000
81.000
93.000
90.000
78.000
79.000
103.000
90.000
80.000
93.000
108.000
86.000
91.000
96.000
82.000
76.000
73.000
87.000
69.000
78.000
98.000
85.000
86.000
87.000
76.000
74.000
84.000
74.000
85.000
93.000
89.000
68.000
85.000
89.000
84.000
80.000
81.000
99.000
83.000
92.000
69.000
75.000
93.000
100.000
