60.000
50.000
54.000
50.000
42.000
42.000
55.000
63.000
53.000
52.000
49.000
56.000
65.000
50.000
50.000
51.000
55.000
43.000
54.000
47.000
59.000
48.000
48.000
60.000
45.000
59.000
58.000
58.000
58.000
42.000
64.000
50.000
70.000
53.000
43.000
49.000
53.000
40.000
60.000
71.000
61.000
63.000
52.000
42.000
50.000
48.000
53.000
60.000
48.000
52.000
41.000
56.000
59.000
59.000
50.000
59.000
50.000
49.000
34.000
56.000
51.000
66.000
66.000
33.000
51.000
41.000
52.000
45.000
54.000
49.000
48.000
41.000
55.000
48.000
42.000
47.000
68.000
56.000
44.000
42.000
49.000
57.000
53.000
65.000
47.000
46.000
58.000
32.000
50.000
54.000
42.000
51.000
41.000
51.000
51.000
59.000
50.000
48.000
57.000
43.000
54.000
54.000
50.000
56.000
50.000
43.000
41.000
52.000
43.000
47.000
38.000
47.000
36.000
62.000
48.000
44.000
52.000
42.000
64.000
58.000
46.000
47.000
58.000
47.000
63.000
56.000
41.000
64.000
56.000
45.000
56.000
63.000
54.000
55.000
61.000
54.000
72.000
59.000
78.000
55.000
69.000
62.000
57.000
61.000
60.000
57.000
52.000
63.000
63.000
50.000
63.000
54.000
48.000
44.000
59.000
58.000
61.000
55.000
55.000
47.000
71.000
64.000
46.000
62.000
47.000
64.000
59.000
50.000
56.000
69.000
57.000
47.000
54.000
73.000
64.000
55.000
47.000
57.000
49.000
60.000
55.000
59.000
60.000
48.000
64.000
43.000
59.000
42.000
59.000
40.000
62.000
50.000
58.000
50.000
49.000
53.000
52.000
61.000
59.000
56.000
53.000
52.000
64.000
53.000
55.000
57.000
59.000
56.000
54.000
57.000
51.000
62.000
61.000
61.000
51.000
60.000
60.000
45.000
63.000
60.000
74.000
51.000
50.000
66.000
61.000
66.000
72.000
58.000
71.000
78.000
66.000
56.000
58.000
48.000
51.000
74.000
47.000
54.000
47.000
62.000
62.000
44.000
67.000
47.000
48.000
47.000
51.000
56.000
69.000
54.000
44.000
55.000
75.000
45.000
65.000
72.000
75.000
76.000
83.000
98.000
68.000
76.000
81.000
73.000
91.000
93.000
86.000
82.000
98.000
97.000
93.000
79.000
93.000
82.000
75.000
85.000
80.000
88.000
78.000
77.000
75.000
62.000
63.000
57.000
65.000
71.000
82.000
64.000
72.000
67.000
72.000
77.000
60.000
51.000
75.000
74.000
83.000
72.000
59.000
75.000
81.000
66.000
81.000
81.000
84.000
96.000
75.000
87.000
86.000
80.000
104.000
80.000
90.000
83.000
113.000
71.000
82.000
72.000
65.000
74.000
99.000
73.000
67.000
72.000
93.000
63.000
68.000
84.000
63.000
78.000
53.000
61.000
70.000
71.000
67.000
76.000
56.000
82.000
62.000
64.000
72.000
69.000
63.000
61.000
63.000
76.000
71.000
72.000
81.000
83.000
65.000
51.000
66.000
52.000
71.000
76.000
68.000
60.000
63.000
46.000
58.000
90.000
61.000
61.000
53.000
71.000
77.000
64.000
70.000
59.000
70.000
74.000
70.000
62.000
76.000
65.000
72.000
71.000
77.000
77.000
79.000
77.000
83.000
70.000
93.000
76.000
85.000
97.000
94.000
95.000
77.000
94.000
86.000
83.000
86.000
82.000
75.000
71.000
77.000
71.000
74.000
84.000
80.000
64.000
75.000
61.000
72.000
74.000
56.000
90.000
67.000
78.000
71.000
60.000
63.000
76.000
78.000
71.000
75.000
77.000
77.000
68.000
68.000
55.000
92.000
61.000
60.000
60.000
62.000
76.000
68.000
78.000
71.000
58.000
56.000
63.000
69.000
58.000
67.000
84.000
74.000
59.000
57.000
70.000
68.000
75.000
69.000
67.000
49.000
59.000
73.000
77.000
65.000
69.000
83.000
97.000
64.000
67.000
73.000
56.000
71.000
69.000
89.000
74.000
71.000
70.000
56.000
72.000
81.000
68.000
68.000
67.000
89.000
72.000
85.000
81.000
79.000
75.000
103.000
81.000
116.000
88.000
88.000
113.000
106.000
115.000
100.000
80.000
101.000
90.000
87.000
114.000
121.000
97.000
100.000
98.000
104.000
116.000
94.000
102.000
115.000
95.000
94.000
96.000
95.000
88.000
96.000
80.000
88.000
76.000
84.000
88.000
95.000
78.000
94.000
89.000
84.000
83.000
93.000
73.000
87.000
70.000
74.000
60.000
85.000
70.000
79.000
77.000
67.000
73.000
87.000
70.000
82.000
87.000
85.000
78.000
90.000
79.000
82.000
76.000
91.000
90.000
81.000
89.000
89.000
81.000
84.000
96.000
87.000
82.000
83.000
105.000
98.000
59.000
87.000
87.000
98.000
66.000
67.000
85.000
68.000
75.000
76.000
86.000
73.000
87.000
73.000
72.000
69.000
83.000
75.000
74.000
78.000
63.000
75.000
62.000
65.000
77.000
70.000
86.000
73.000
68.000
72.000
83.000
79.000
74.000
83.000
72.000
90.000
71.000
81.000
80.000
76.000
80.000
93.000
61.000
64.000
70.000
111.000
66.000
77.000
82.000
86.000
67.000
81.000
89.000
72.000
85.000
78.000
56.000
71.000
58.000
71.000
73.000
73.000
67.000
87.000
73.000
87.000
70.000
91.000
62.000
94.000
90.000
77.000
74.000
77.000
63.000
69.000
76.000
68.000
77.000
96.000
72.000
78.000
86.000
70.000
86.000
70.000
59.000
79.000
74.000
79.000
78.000
76.000
83.000
88.000
71.000
80.000
73.000
69.000
82.000
74.000
85.000
87.000
72.000
80.000
81.000
99.000
79.000
91.000
91.000
93.000
101.000
96.000
84.000
89.000
87.000
76.000
97.000
110.000
87.000
100.000
89.000
112.000
111.000
73.000
102.000
89.000
90.000
116.000
108.000
108.000
106.000
114.000
120.000
124.000
129.000
122.000
144.000
155.000
139.000
139.000
155.000
146.000
170.000
126.000
126.000
124.000
154.000
144.000
156.000
148.000
133.000
118.000
120.000
153.000
139.000
112.000
106.000
114.000
108.000
98.000
99.000
89.000
103.000
98.000
97.000
105.000
102.000
101.000
112.000
89.000
72.000
79.000
82.000
85.000
83.000
93.000
86.000
95.000
80.000
94.000
82.000
80.000
80.000
73.000
76.000
85.000
98.000
74.000
75.000
61.000
56.000
77.000
95.000
77.000
81.000
86.000
87.000
84.000
84.000
89.000
86.000
101.000
91.000
87.000
83.000
79.000
86.000
75.000
90.000
82.000
67.000
82.000
101.000
97.000
95.000
87.000
91.000
94.000
88.000
79.000
86.000
98.000
79.000
98.000
75.000
73.000
72.000
68.000
99.000
92.000
89.000
104.000
82.000
99.000
82.000
73.000
98.000
96.000
92.000
82.000
89.000
77.000
77.000
74.000
79.000
70.000
87.000
85.000
87.000
95.000
67.000
81.000
88.000
79.000
83.000
70.000
63.000
85.000
91.000
88.000
83.000
88.000
85.000
86.000
96.000
85.000
89.000
105.000
109.000
92.000
76.000
94.000
77.000
89.000
79.000
81.000
91.000
80.000
88.000
97.000
86.000
100.000
73.000
78.000
109.000
93.000
102.000
65.000
106.000
91.000
95.000
80.000
84.000
91.000
82.000
71.000
87.000
100.000
74.000
83.000
81.000
85.000
82.000
109.000
85.000
82.000
72.000
88.000
78.000
85.000
94.000
96.000
81.000
103.000
111.000
92.000
115.000
83.000
87.000
75.000
102.000
92.000
85.000
78.000
102.000
84.000
100.000
95.000
107.000
104.000
88.000
101.000
88.000
104.000
88.000
117.000
114.000
123.000
111.000
121.000
125.000
131.000
134.000
132.000
123.000
141.000
138.000
149.000
135.000
156.000
163.000
164.000
139.000
137.000
158.000
155.000
137.000
137.000
135.000
151.000
144.000
146.000
137.000
141.000
119.000
134.000
126.000
133.000
108.000
111.000
95.000
101.000
104.000
110.000
116.000
92.000
96.000
119.000
91.000
91.000
82.000
101.000
112.000
97.000
94.000
99.000
94.000
102.000
89.000
102.000
80.000
120.000
108.000
113.000
94.000
94.000
107.000
90.000
103.000
120.000
129.000
117.000
111.000
107.000
116.000
115.000
118.000
100.000
90.000
111.000
92.000
101.000
98.000
111.000
123.000
103.000
116.000
99.000
90.000
105.000
124.000
113.000
98.000
108.000
91.000
107.000
101.000
91.000
100.000
100.000
94.000
101.000
108.000
101.000
112.000
119.000
90.000
102.000
101.000
107.000
115.000
89.000
112.000
106.000
92.000
107.000
94.000
75.000
105.000
107.000
91.000
101.000
93.000
92.000
96.000
100.000
85.000
105.000
100.000
76.000
100.000
74.000
86.000
93.000
81.000
108.000
101.000
85.000
87.000
68.000
89.000
104.000
111.000
93.000
96.000
112.000
89.000
105.000
104.000
77.000
100.000
98.000
87.000
93.000
65.000
85.000
83.000
107.000
85.000
111.000
90.000
91.000
81.000
100.000
114.000
88.000
92.000
95.000
86.000
96.000
81.000
87.000
84.000
108.000
95.000
96.000
88.000
81.000
98.000
107.000
116.000
93.000
75.000
95.000
103.000
86.000
81.000
90.000
89.000
97.000
97.000
77.000
82.000
108.000
112.000
82.000
84.000
59.000
89.000
102.000
97.000
85.000
88.000
89.000
98.000
80.000
70.000
83.000
89.000
91.000
102.000
84.000
103.000
99.000
94.000
98.000
98.000
93.000
83.000
74.000
98.000
82.000
87.000
106.000
102.000
92.000
92.000
86.000
88.000
102.000
82.000
68.000
104.000
87.000
87.000
90.000
102.000
106.000
98.000
86.000
88.000
102.000
106.000
107.000
112.000
76.000
81.000
101.000
77.000
93.000
92.000
94.000
99.000
96.000
98.000
104.000
115.000
96.000
81.000
102.000
74.000
90.000
70.000
96.000
80.000
91.000
106.000
89.000
80.000
84.000
88.000
119.000
92.000
81.000
106.000
102.000
91.000
96.000
85.000
82.000
89.000
90.000
89.000
98.000
100.000
102.000
94.000
72.000
97.000
99.000
94.000
95.000
85.000
85.000
85.000
77.000
92.000
92.000
91.000
80.000
105.000
98.000
80.000
96.000
92.000
117.000
100.000
91.000
101.000
105.000
108.000
84.000
82.000
98.000
85.000
89.000
99.000
136.000
81.000
79.000
112.000
92.000
102.000
103.000
103.000
102.000
99.000
92.000
103.000
101.000
87.000
84.000
92.000
86.000
104.000
111.000
103.000
95.000
101.000
95.000
98.000
94.000
78.000
109.000
83.000
96.000
91.000
91.000
99.000
74.000
81.000
84.000
79.000
69.000
85.000
76.000
89.000
74.000
94.000
111.000
93.000
97.000
104.000
89.000
71.000
98.000
104.000
78.000
103.000
98.000
83.000
89.000
75.000
99.000
94.000
78.000
88.000
85.000
71.000
83.000
88.000
83.000
116.000
95.000
79.000
95.000
98.000
78.000
80.000
92.000
76.000
78.000
93.000
84.000
76.000
82.000
121.000
