73.000
69.000
65.222
65.778
70.667
62.000
70.667
59.889
56.222
47.667
41.889
47.444
49.111
49.000
51.889
46.889
49.556
50.111
47.111
44.111
47.111
51.667
47.333
51.222
45.778
46.111
49.222
48.889
50.111
52.333
50.556
41.667
53.444
50.444
49.556
47.778
47.000
45.667
47.889
54.444
51.556
49.889
51.889
45.889
50.667
51.667
50.222
49.000
46.556
48.444
52.222
52.667
47.889
47.556
50.556
51.667
52.667
50.333
53.778
50.444
43.222
52.333
52.667
48.333
52.667
48.111
53.556
49.556
49.889
54.889
48.778
48.333
47.333
51.000
47.889
49.667
48.556
48.778
45.222
45.778
48.000
50.778
47.333
52.333
51.444
46.778
49.667
45.778
50.333
44.778
47.778
46.333
45.222
48.444
49.667
43.889
49.000
49.000
48.222
45.556
47.222
50.111
46.778
44.444
44.333
42.778
42.222
42.889
46.333
49.333
49.556
45.000
47.333
51.111
46.778
45.667
48.333
45.444
46.222
48.556
49.000
47.556
50.556
50.111
50.000
50.333
50.556
53.111
48.667
55.333
54.222
52.667
59.889
55.667
56.889
61.778
58.556
55.889
55.000
59.889
54.778
63.222
61.667
58.333
55.889
58.556
58.667
56.556
61.667
52.111
59.778
52.333
52.889
53.667
57.333
52.222
52.444
56.000
49.667
55.667
50.000
57.333
56.556
52.667
54.333
54.667
56.667
59.333
54.333
52.333
56.222
57.222
52.333
54.889
53.778
54.111
52.222
54.778
54.778
59.333
51.111
52.000
59.222
56.333
52.889
53.444
48.778
60.111
53.778
51.333
58.444
55.556
52.667
52.111
47.111
45.222
55.444
51.222
50.333
57.000
52.333
55.889
55.222
53.889
55.889
50.667
54.111
55.556
56.889
58.333
52.111
54.778
54.333
59.111
54.333
57.778
56.778
54.889
55.778
56.444
53.333
56.778
60.000
62.222
55.333
65.778
59.667
57.667
56.556
63.778
63.111
57.111
59.222
61.222
61.778
56.111
59.000
57.222
55.444
57.778
55.556
54.667
57.667
54.222
55.222
55.889
55.111
54.778
54.444
55.111
55.667
60.667
58.444
63.222
55.444
66.556
61.778
62.444
65.889
69.333
73.667
68.667
72.556
78.111
76.222
78.000
81.889
90.111
84.556
78.222
81.222
79.667
81.222
86.111
87.000
81.889
80.000
71.000
74.444
71.333
70.222
71.778
66.889
69.000
67.222
66.889
66.222
66.333
65.667
65.444
69.222
65.444
63.000
66.889
68.111
71.222
67.000
71.667
72.667
69.889
69.444
68.556
73.778
73.222
77.667
78.667
75.889
76.333
81.333
80.222
76.444
81.000
79.889
80.222
81.556
73.444
77.000
80.444
83.889
75.333
77.111
74.111
76.222
75.556
68.556
67.667
66.333
67.000
67.778
69.111
70.000
68.333
65.333
60.889
64.333
66.111
67.444
68.111
61.889
61.111
64.556
63.444
61.778
62.778
66.333
61.000
62.000
65.444
69.111
62.333
70.556
62.333
64.000
67.444
65.556
62.889
64.111
67.889
63.667
61.444
60.556
60.556
65.333
65.556
66.556
61.778
61.556
65.111
68.444
64.444
68.778
69.333
67.222
69.444
69.556
70.444
74.778
69.778
70.889
80.333
81.222
78.222
79.889
84.889
85.889
82.444
81.889
86.222
84.111
94.111
82.444
92.667
87.222
86.222
84.000
84.889
84.222
78.444
71.667
75.889
74.556
71.444
79.111
72.111
75.667
69.000
67.556
68.000
70.111
72.889
66.556
68.667
72.000
71.000
70.556
73.000
73.222
68.889
75.444
70.778
78.444
70.444
65.778
68.222
72.444
70.444
69.889
73.333
68.111
74.444
76.556
74.556
68.444
69.000
66.444
64.111
71.556
69.222
67.778
73.667
67.556
65.222
58.000
66.778
68.222
69.889
64.778
62.556
64.667
65.333
66.111
65.111
69.000
66.111
66.889
69.556
65.778
70.111
71.000
68.667
72.778
70.333
77.889
65.778
70.000
74.333
77.333
71.556
67.222
74.111
71.556
79.111
77.333
81.556
76.889
78.667
79.556
83.556
85.000
89.000
94.667
89.333
91.556
96.444
100.111
95.667
100.889
98.444
101.667
98.889
104.667
96.889
107.222
108.000
99.778
103.444
102.222
101.333
100.444
100.333
97.778
96.222
90.111
89.667
93.222
85.000
86.889
80.889
81.222
76.667
86.667
82.222
83.667
80.333
83.000
72.778
77.000
75.889
76.000
75.889
80.333
72.667
76.889
69.222
74.556
78.444
74.333
77.111
79.444
78.111
75.667
77.000
79.667
84.111
80.000
81.000
85.000
84.111
82.778
84.333
86.111
87.000
91.000
81.889
81.222
89.778
78.111
87.111
86.222
79.667
90.000
83.333
84.556
82.000
80.444
79.889
80.556
78.667
76.222
78.889
70.667
73.222
73.222
78.333
74.222
66.556
80.556
75.000
73.889
70.889
74.444
78.667
73.889
74.111
74.667
76.778
74.222
80.444
78.667
83.222
76.778
77.111
84.778
83.333
76.444
70.556
81.111
78.778
81.667
80.111
86.222
79.667
82.444
74.667
82.111
79.000
81.444
81.889
81.222
81.667
76.889
81.667
79.667
77.556
79.111
67.333
72.667
76.111
78.778
63.667
75.444
69.667
76.778
78.667
70.667
68.778
68.889
73.444
73.667
74.333
72.000
70.889
77.556
70.444
67.333
72.000
71.444
73.000
77.556
79.444
73.556
73.556
74.444
74.000
73.333
72.111
79.667
72.556
74.333
71.889
72.111
72.556
78.000
77.444
77.556
84.444
76.889
77.667
79.222
76.556
83.000
78.667
86.556
79.222
83.889
79.667
82.444
83.444
88.222
82.889
86.333
85.222
80.556
87.778
83.444
84.111
91.778
87.778
85.000
90.667
91.111
97.333
92.111
96.444
95.000
96.778
97.444
101.556
106.000
98.333
106.111
99.778
111.000
106.333
118.111
111.333
113.000
127.333
128.778
133.444
130.778
128.222
132.000
138.333
141.222
142.778
143.444
135.556
138.000
142.333
134.667
146.111
134.889
128.333
127.111
126.889
125.778
123.778
117.111
114.111
114.667
114.333
108.222
108.444
108.000
104.000
98.889
91.889
94.000
91.667
92.778
87.778
89.111
87.556
85.222
85.556
89.333
86.111
78.222
91.444
76.556
77.556
84.333
82.556
86.111
79.889
85.111
85.111
80.333
80.222
74.333
81.556
75.556
78.222
79.222
80.667
78.778
78.000
73.889
79.889
81.556
75.111
82.222
79.778
82.333
86.000
81.556
77.778
76.333
84.333
88.333
79.000
86.889
86.000
85.111
85.889
88.889
84.111
86.667
87.889
85.333
86.000
85.667
82.889
86.222
86.778
89.667
85.556
89.222
85.778
84.000
88.111
84.111
91.889
91.111
83.778
88.667
90.889
96.000
94.111
81.333
91.000
92.556
86.111
89.111
93.556
86.111
85.556
82.444
81.778
84.333
85.889
82.556
89.778
81.333
76.000
84.333
86.778
86.000
82.222
95.444
83.889
84.333
79.889
83.889
82.556
87.556
79.778
88.222
85.667
91.667
86.333
86.111
87.000
90.556
94.222
83.000
88.000
90.667
85.222
91.667
89.444
91.111
94.556
96.111
88.000
90.111
89.667
89.111
91.333
90.889
89.111
94.778
85.111
87.444
93.333
92.889
88.111
92.333
92.444
82.667
83.778
92.667
93.778
96.889
85.556
93.333
89.889
90.889
85.444
81.889
89.667
88.778
90.667
86.556
88.778
90.222
79.222
82.333
90.444
89.111
87.333
96.889
101.444
85.444
90.222
94.667
83.444
84.778
87.889
98.333
92.111
94.667
91.778
99.778
94.444
94.444
97.667
107.222
104.889
113.778
110.889
108.333
107.889
119.222
122.444
122.222
132.000
133.111
136.889
129.000
143.444
138.889
142.222
136.444
143.667
145.111
142.111
145.556
142.111
138.000
136.333
133.444
134.222
130.444
133.444
125.444
115.333
114.333
119.000
112.000
110.333
108.000
109.889
104.000
112.000
104.000
99.667
103.778
99.111
101.444
98.444
98.222
104.444
99.333
109.333
100.778
106.444
110.889
102.444
102.444
104.778
106.000
101.333
107.333
106.667
107.222
108.333
106.889
109.444
108.778
106.889
108.444
110.444
107.889
106.667
102.889
102.222
95.444
108.000
101.111
103.444
103.444
102.556
104.889
105.111
107.000
103.111
96.556
104.111
99.889
97.000
111.667
105.778
105.778
104.111
101.889
102.778
103.000
104.333
106.778
103.222
107.778
103.889
92.222
98.778
101.000
96.222
99.111
97.111
102.889
100.222
102.000
98.556
92.000
100.778
94.333
89.889
90.667
96.556
98.556
91.444
92.889
95.444
86.667
90.778
95.000
89.444
88.222
86.667
85.556
94.667
87.444
90.556
87.778
83.000
86.667
91.444
95.333
85.444
83.889
88.667
88.222
87.889
94.333
84.778
99.222
85.000
96.778
88.778
88.667
94.556
88.444
92.444
97.889
90.000
93.444
90.222
98.667
93.333
90.556
90.667
91.444
87.889
91.778
93.667
94.889
88.000
97.778
94.111
100.556
93.000
94.000
97.889
88.778
94.222
95.000
95.778
92.444
98.333
89.889
96.444
91.333
90.444
92.889
96.111
92.111
94.000
93.556
89.556
95.333
97.444
86.444
86.889
92.889
81.556
91.444
90.556
91.778
88.111
83.000
88.333
90.556
84.333
93.556
95.000
95.778
84.111
90.889
89.667
81.111
91.444
85.667
81.778
91.667
93.333
96.556
88.667
91.222
86.111
87.222
86.222
89.222
97.000
91.778
93.667
99.556
90.111
83.667
89.000
88.556
93.667
89.667
95.667
97.000
93.444
96.889
98.222
93.000
98.333
99.778
92.444
97.111
95.111
90.778
98.556
94.889
101.889
92.556
95.778
93.889
85.778
87.111
90.667
88.444
90.556
88.333
84.778
86.556
95.000
94.333
86.333
91.222
79.000
87.778
91.000
82.000
89.556
89.333
87.667
87.111
90.889
94.667
85.333
86.222
90.444
87.111
90.889
84.333
89.444
95.111
89.111
91.000
97.111
98.111
101.111
97.000
89.222
93.778
94.222
94.889
94.000
94.000
96.444
89.556
91.778
89.333
93.667
92.111
89.333
94.778
94.556
94.444
90.000
95.111
93.778
94.000
96.778
87.111
89.111
106.556
89.667
91.889
94.333
87.333
90.111
94.111
94.778
101.333
87.889
95.000
84.889
90.556
94.333
94.333
95.111
99.778
98.889
88.889
95.222
94.778
96.778
95.111
83.667
91.333
93.222
90.556
89.444
98.889
100.667
92.667
86.556
101.333
90.111
95.667
92.667
102.000
93.444
92.333
92.444
93.889
96.667
88.333
93.222
91.556
96.111
97.556
87.222
90.556
93.556
86.111
92.667
94.222
91.000
84.556
86.667
94.000
95.889
84.444
93.222
94.111
91.556
89.222
93.111
93.111
88.333
92.333
87.556
88.000
92.667
89.556
86.222
93.000
89.778
86.000
95.444
95.778
86.667
96.444
91.556
93.333
86.889
92.333
98.667
90.667
96.778
91.000
90.444
84.778
94.000
