26.000
15.000
22.000
21.000
25.000
20.000
29.000
24.000
23.000
22.000
33.000
28.000
21.000
31.000
22.000
37.000
25.000
25.000
16.000
17.000
39.000
24.000
16.000
31.000
25.000
21.000
22.000
34.000
26.000
28.000
25.000
24.000
32.000
31.000
27.000
27.000
27.000
29.000
25.000
30.000
25.000
27.000
25.000
23.000
38.000
33.000
22.000
28.000
34.000
29.000
39.000
28.000
25.000
33.000
28.000
35.000
23.000
33.000
27.000
28.000
21.000
21.000
32.000
32.000
19.000
25.000
26.000
20.000
28.000
21.000
20.000
22.000
23.000
24.000
24.000
28.000
27.000
22.000
26.000
15.000
25.000
18.000
26.000
22.000
27.000
19.000
17.000
27.000
19.000
24.000
26.000
22.000
23.000
22.000
27.000
21.000
20.000
25.000
17.000
23.000
26.000
26.000
30.000
25.000
25.000
29.000
17.000
22.000
24.000
24.000
25.000
30.000
27.000
18.000
25.000
20.000
20.000
22.000
14.000
23.000
25.000
26.000
29.000
20.000
24.000
27.000
18.000
19.000
25.000
32.000
24.000
23.000
27.000
16.000
26.000
23.000
20.000
32.000
30.000
30.000
17.000
25.000
27.000
21.000
23.000
21.000
28.000
21.000
31.000
21.000
18.000
27.000
20.000
19.000
24.000
26.000
21.000
25.000
19.000
36.000
25.000
20.000
35.000
28.000
23.000
23.000
21.000
31.000
28.000
29.000
22.000
21.000
20.000
29.000
22.000
25.000
21.000
31.000
25.000
24.000
25.000
23.000
22.000
28.000
31.000
28.000
21.000
30.000
25.000
27.000
28.000
21.000
32.000
20.000
29.000
38.000
24.000
28.000
47.000
38.000
34.000
38.000
41.000
40.000
33.000
43.000
55.000
54.000
47.000
52.000
32.000
59.000
48.000
44.000
50.000
53.000
47.000
59.000
51.000
59.000
43.000
45.000
42.000
39.000
50.000
41.000
38.000
30.000
21.000
28.000
23.000
27.000
33.000
24.000
30.000
26.000
34.000
33.000
26.000
31.000
25.000
27.000
22.000
36.000
34.000
32.000
22.000
28.000
32.000
19.000
27.000
28.000
22.000
22.000
26.000
37.000
29.000
25.000
30.000
21.000
33.000
39.000
33.000
28.000
37.000
32.000
39.000
25.000
40.000
36.000
29.000
52.000
48.000
58.000
57.000
47.000
53.000
67.000
73.000
92.000
96.000
109.000
120.000
127.000
129.000
148.000
130.000
161.000
154.000
168.000
161.000
171.000
158.000
156.000
159.000
166.000
161.000
141.000
114.000
109.000
96.000
73.000
62.000
56.000
60.000
59.000
56.000
85.000
59.000
72.000
61.000
76.000
69.000
83.000
81.000
77.000
73.000
104.000
100.000
87.000
82.000
78.000
71.000
69.000
71.000
65.000
56.000
62.000
55.000
52.000
37.000
35.000
28.000
31.000
32.000
31.000
34.000
39.000
33.000
37.000
32.000
35.000
42.000
42.000
41.000
40.000
32.000
36.000
51.000
49.000
52.000
72.000
60.000
69.000
75.000
55.000
77.000
60.000
82.000
69.000
78.000
62.000
56.000
65.000
65.000
43.000
50.000
36.000
30.000
37.000
38.000
34.000
23.000
23.000
28.000
30.000
31.000
34.000
21.000
36.000
21.000
25.000
30.000
32.000
30.000
33.000
13.000
24.000
27.000
29.000
26.000
25.000
36.000
27.000
25.000
31.000
30.000
31.000
38.000
24.000
34.000
26.000
29.000
33.000
27.000
26.000
22.000
33.000
23.000
26.000
28.000
22.000
30.000
29.000
25.000
30.000
34.000
37.000
31.000
33.000
32.000
38.000
44.000
26.000
24.000
32.000
31.000
27.000
29.000
28.000
31.000
33.000
31.000
23.000
37.000
27.000
34.000
35.000
27.000
21.000
28.000
32.000
22.000
30.000
44.000
44.000
30.000
41.000
32.000
33.000
26.000
23.000
27.000
35.000
36.000
50.000
43.000
38.000
32.000
49.000
56.000
69.000
63.000
79.000
77.000
97.000
84.000
97.000
117.000
127.000
131.000
138.000
140.000
217.000
188.000
179.000
224.000
199.000
213.000
200.000
200.000
187.000
153.000
164.000
157.000
118.000
105.000
79.000
78.000
68.000
52.000
38.000
33.000
37.000
29.000
27.000
30.000
35.000
33.000
29.000
26.000
30.000
38.000
27.000
27.000
18.000
26.000
42.000
30.000
20.000
32.000
27.000
39.000
29.000
23.000
32.000
41.000
23.000
21.000
44.000
41.000
49.000
27.000
34.000
37.000
27.000
33.000
35.000
28.000
28.000
27.000
41.000
24.000
21.000
28.000
38.000
35.000
45.000
47.000
40.000
28.000
45.000
35.000
29.000
37.000
33.000
40.000
38.000
35.000
42.000
34.000
44.000
45.000
37.000
37.000
36.000
29.000
40.000
41.000
30.000
36.000
30.000
29.000
38.000
34.000
37.000
32.000
54.000
62.000
45.000
44.000
49.000
53.000
54.000
73.000
69.000
80.000
87.000
91.000
87.000
95.000
102.000
105.000
80.000
88.000
89.000
90.000
82.000
88.000
95.000
96.000
92.000
87.000
78.000
63.000
82.000
45.000
42.000
52.000
48.000
41.000
36.000
25.000
39.000
34.000
33.000
34.000
32.000
28.000
29.000
30.000
36.000
31.000
23.000
26.000
27.000
31.000
19.000
34.000
30.000
34.000
23.000
22.000
32.000
23.000
24.000
18.000
31.000
30.000
24.000
33.000
23.000
29.000
26.000
34.000
35.000
40.000
31.000
23.000
29.000
31.000
33.000
33.000
31.000
28.000
40.000
36.000
40.000
32.000
39.000
28.000
32.000
26.000
30.000
43.000
35.000
33.000
32.000
42.000
32.000
32.000
51.000
33.000
45.000
43.000
40.000
39.000
36.000
17.000
27.000
33.000
34.000
33.000
32.000
34.000
22.000
31.000
26.000
29.000
24.000
29.000
37.000
27.000
23.000
24.000
25.000
29.000
33.000
26.000
41.000
28.000
39.000
26.000
37.000
29.000
23.000
28.000
31.000
38.000
24.000
35.000
28.000
31.000
24.000
27.000
29.000
29.000
20.000
36.000
24.000
32.000
33.000
26.000
43.000
35.000
48.000
34.000
39.000
46.000
35.000
56.000
44.000
58.000
41.000
48.000
55.000
39.000
52.000
40.000
37.000
60.000
35.000
43.000
35.000
46.000
38.000
35.000
33.000
39.000
23.000
25.000
28.000
46.000
33.000
30.000
27.000
29.000
36.000
31.000
35.000
24.000
27.000
19.000
30.000
29.000
35.000
20.000
26.000
25.000
30.000
28.000
32.000
29.000
29.000
31.000
23.000
24.000
31.000
26.000
26.000
37.000
41.000
38.000
24.000
32.000
28.000
24.000
24.000
34.000
34.000
29.000
25.000
47.000
31.000
34.000
23.000
46.000
38.000
34.000
34.000
27.000
29.000
31.000
28.000
29.000
36.000
42.000
40.000
41.000
29.000
24.000
35.000
39.000
41.000
40.000
43.000
41.000
33.000
39.000
34.000
58.000
39.000
43.000
40.000
40.000
36.000
44.000
39.000
40.000
43.000
42.000
48.000
38.000
33.000
36.000
28.000
32.000
35.000
27.000
33.000
37.000
30.000
35.000
32.000
30.000
27.000
28.000
26.000
34.000
33.000
41.000
37.000
32.000
25.000
37.000
37.000
26.000
32.000
30.000
31.000
25.000
26.000
34.000
31.000
38.000
22.000
28.000
25.000
42.000
25.000
29.000
27.000
33.000
29.000
28.000
27.000
31.000
41.000
32.000
28.000
33.000
31.000
37.000
37.000
23.000
36.000
40.000
41.000
31.000
29.000
41.000
37.000
39.000
39.000
43.000
31.000
38.000
43.000
46.000
39.000
45.000
44.000
57.000
54.000
53.000
52.000
56.000
53.000
63.000
42.000
64.000
49.000
49.000
62.000
68.000
53.000
66.000
63.000
68.000
70.000
59.000
61.000
72.000
73.000
72.000
57.000
62.000
55.000
62.000
64.000
68.000
70.000
77.000
65.000
81.000
82.000
104.000
91.000
95.000
95.000
93.000
109.000
94.000
90.000
88.000
91.000
63.000
82.000
76.000
60.000
62.000
68.000
56.000
46.000
52.000
58.000
53.000
42.000
57.000
49.000
45.000
57.000
59.000
70.000
51.000
55.000
56.000
51.000
57.000
52.000
49.000
59.000
67.000
55.000
68.000
51.000
55.000
51.000
64.000
58.000
50.000
49.000
52.000
53.000
59.000
40.000
29.000
41.000
43.000
52.000
45.000
47.000
47.000
48.000
50.000
52.000
52.000
54.000
58.000
62.000
54.000
60.000
56.000
64.000
67.000
65.000
73.000
84.000
87.000
79.000
105.000
98.000
105.000
88.000
97.000
110.000
122.000
92.000
110.000
75.000
91.000
82.000
71.000
54.000
62.000
49.000
54.000
53.000
52.000
37.000
31.000
42.000
41.000
46.000
36.000
50.000
46.000
28.000
31.000
32.000
33.000
24.000
32.000
31.000
37.000
35.000
36.000
24.000
31.000
34.000
40.000
36.000
38.000
31.000
32.000
33.000
37.000
35.000
32.000
37.000
39.000
28.000
38.000
29.000
46.000
37.000
39.000
40.000
32.000
36.000
41.000
26.000
42.000
42.000
36.000
47.000
31.000
41.000
48.000
30.000
38.000
42.000
42.000
44.000
35.000
41.000
44.000
46.000
48.000
36.000
51.000
32.000
43.000
36.000
38.000
58.000
47.000
48.000
46.000
48.000
42.000
36.000
44.000
41.000
44.000
57.000
47.000
40.000
57.000
50.000
45.000
47.000
56.000
38.000
46.000
52.000
46.000
52.000
55.000
62.000
52.000
53.000
67.000
56.000
63.000
74.000
66.000
43.000
54.000
57.000
39.000
40.000
42.000
46.000
40.000
47.000
34.000
40.000
35.000
27.000
34.000
36.000
39.000
32.000
33.000
36.000
37.000
31.000
34.000
38.000
27.000
33.000
35.000
34.000
39.000
29.000
37.000
37.000
31.000
30.000
29.000
32.000
37.000
35.000
25.000
33.000
30.000
32.000
32.000
31.000
33.000
30.000
34.000
40.000
37.000
34.000
28.000
36.000
28.000
36.000
30.000
35.000
30.000
32.000
24.000
40.000
32.000
34.000
32.000
40.000
35.000
37.000
33.000
39.000
29.000
33.000
46.000
42.000
56.000
33.000
32.000
36.000
37.000
47.000
46.000
37.000
44.000
59.000
61.000
51.000
66.000
56.000
68.000
61.000
58.000
67.000
74.000
78.000
62.000
66.000
66.000
54.000
62.000
71.000
66.000
72.000
87.000
55.000
62.000
73.000
58.000
57.000
57.000
57.000
44.000
58.000
66.000
51.000
49.000
49.000
47.000
55.000
60.000
81.000
69.000
80.000
64.000
68.000
84.000
92.000
93.000
82.000
79.000
78.000
91.000
73.000
82.000
97.000
73.000
81.000
52.000
72.000
54.000
46.000
52.000
57.000
42.000
36.000
40.000
35.000
52.000
31.000
40.000
34.000
40.000
43.000
34.000
46.000
38.000
45.000
50.000
48.000
40.000
47.000
41.000
51.000
33.000
47.000
44.000
63.000
