19.931 34.500
19.951 26.500
19.971 30.500
19.991 27.000
20.011 28.500
20.031 32.500
20.051 33.000
20.071 27.500
20.091 26.000
20.111 26.500
20.132 37.000
20.152 27.000
20.172 31.000
20.192 25.000
20.212 30.000
20.232 32.500
20.253 28.000
20.273 36.500
20.293 26.000
20.313 31.500
20.333 25.000
20.354 29.000
20.374 31.500
20.394 27.500
20.415 30.500
20.435 24.000
20.455 33.500
20.476 32.500
20.496 27.500
20.516 37.500
20.537 27.000
20.557 39.000
20.578 26.000
20.598 33.500
20.619 36.500
20.639 38.000
20.660 30.500
20.680 27.500
20.701 34.000
20.721 39.500
20.742 35.500
20.762 32.000
20.783 34.500
20.803 37.500
20.824 31.500
20.845 36.500
20.865 37.500
20.886 39.000
20.907 35.500
20.927 36.500
20.948 39.000
20.969 33.000
20.989 35.500
21.010 28.500
21.031 30.500
21.052 37.000
21.073 35.500
21.093 44.500
21.114 26.500
21.135 32.000
21.156 38.500
21.177 30.000
21.198 30.000
21.218 32.500
21.239 26.500
21.260 36.000
21.281 37.000
21.302 30.000
21.323 25.500
21.344 31.500
21.365 27.500
21.386 33.000
21.407 29.500
21.428 32.500
21.449 35.500
21.470 35.000
21.491 33.000
21.512 23.500
21.533 26.000
21.555 28.000
21.576 27.000
21.597 37.500
21.618 27.000
21.639 32.500
21.660 32.500
21.682 26.500
21.703 22.500
21.724 30.000
21.745 33.500
21.766 27.000
21.788 28.000
21.809 26.500
21.830 30.000
21.852 24.000
21.873 21.000
21.894 26.500
21.916 27.500
21.937 32.500
21.958 22.500
21.980 23.000
22.001 28.000
22.023 28.000
22.044 25.000
22.065 29.000
22.087 32.000
22.108 29.500
22.130 30.500
22.151 31.000
22.173 26.000
22.194 34.500
22.216 29.500
22.238 22.500
22.259 32.000
22.281 27.500
22.302 35.000
22.324 27.000
22.346 32.500
22.367 27.500
22.389 26.500
22.410 28.500
22.432 29.000
22.454 22.000
22.476 27.000
22.497 33.000
22.519 31.500
22.541 31.500
22.563 30.000
22.584 25.500
22.606 31.500
22.628 34.000
22.650 23.000
22.672 28.000
22.693 26.000
22.715 32.000
22.737 26.000
22.759 27.000
22.781 26.500
22.803 30.500
22.825 24.000
22.847 36.000
22.869 31.500
22.891 31.500
22.913 30.000
22.935 39.500
22.957 32.500
22.979 30.000
23.001 29.500
23.023 35.500
23.045 36.500
23.067 27.500
23.089 39.500
23.111 36.500
23.133 37.000
23.155 35.000
23.177 35.000
23.199 36.000
23.222 39.500
23.244 30.500
23.266 31.000
23.288 30.000
23.310 40.500
23.333 35.500
23.355 35.500
23.377 29.500
23.399 33.000
23.422 30.000
23.444 31.000
23.466 39.500
23.489 31.500
23.511 28.000
23.533 40.000
23.556 37.000
23.578 31.500
23.600 31.500
23.623 39.500
23.645 29.000
23.668 34.500
23.690 37.000
23.713 34.000
23.735 30.500
23.757 36.500
23.780 37.500
23.802 26.500
23.825 36.500
23.848 33.500
23.870 30.500
23.893 25.500
23.915 37.500
23.938 37.000
23.960 36.500
23.983 30.000
24.006 33.500
24.028 27.500
24.051 34.500
24.073 35.000
24.096 38.000
24.119 40.000
24.142 43.000
24.164 42.000
24.187 37.000
24.210 44.500
24.232 40.000
24.255 51.000
24.278 51.500
24.301 46.500
24.324 54.000
24.346 58.500
24.369 52.500
24.392 66.500
24.415 63.500
24.438 63.000
24.461 70.500
24.483 61.000
24.506 72.500
24.529 62.500
24.552 60.500
24.575 57.000
24.598 42.000
24.621 58.500
24.644 49.500
24.667 50.500
24.690 45.000
24.713 40.000
24.736 47.500
24.759 38.000
24.782 34.000
24.805 39.000
24.828 36.000
24.851 28.000
24.874 34.000
24.897 37.500
24.921 27.000
24.944 32.000
24.967 37.000
24.990 36.500
25.013 41.000
25.036 40.000
25.060 31.500
25.083 39.500
25.106 30.000
25.129 38.000
25.152 32.000
25.176 32.500
25.199 33.500
25.222 33.000
25.245 35.500
25.269 33.000
25.292 30.500
25.315 31.000
25.339 32.000
25.362 40.500
25.385 35.000
25.409 42.000
25.432 37.500
25.456 38.500
25.479 28.500
25.502 34.500
25.526 33.500
25.549 40.000
25.573 36.000
25.596 37.500
25.620 42.000
25.643 38.000
25.667 31.500
25.690 44.000
25.714 47.000
25.737 38.000
25.761 38.500
25.784 49.000
25.808 48.000
25.832 45.000
25.855 53.500
25.879 58.500
25.902 58.500
25.926 54.000
25.950 58.000
25.973 65.000
25.997 65.000
26.021 80.000
26.044 85.500
26.068 79.500
26.092 99.000
26.115 94.000
26.139 99.000
26.163 101.000
26.187 118.500
26.211 135.500
26.234 125.000
26.258 126.500
26.282 134.500
26.306 144.000
26.330 136.000
26.353 122.500
26.377 118.500
26.401 110.500
26.425 127.500
26.449 93.500
26.473 88.500
26.497 72.000
26.521 73.000
26.545 65.500
26.568 75.500
26.592 71.500
26.616 64.500
26.640 61.500
26.664 66.000
26.688 55.500
26.712 63.000
26.736 82.000
26.760 79.000
26.784 87.000
26.809 85.500
26.833 89.500
26.857 80.500
26.881 94.000
26.905 83.500
26.929 91.000
26.953 82.000
26.977 89.000
27.001 85.000
27.026 90.000
27.050 81.000
27.074 79.500
27.098 66.000
27.122 58.000
27.147 61.500
27.171 50.000
27.195 49.500
27.219 56.000
27.244 50.000
27.268 48.000
27.292 43.500
27.316 46.500
27.341 46.500
27.365 55.500
27.389 45.000
27.414 50.500
27.438 37.000
27.462 40.000
27.487 39.000
27.511 60.000
27.535 38.000
27.560 43.000
27.584 42.000
27.609 52.500
27.633 44.500
27.658 57.000
27.682 48.000
27.707 53.500
27.731 53.500
27.755 53.500
27.780 49.000
27.805 54.500
27.829 46.000
27.854 70.000
27.878 63.500
27.903 65.500
27.927 56.500
27.952 68.500
27.976 70.500
28.001 66.000
28.026 57.500
28.050 48.500
28.075 51.500
28.099 48.000
28.124 51.500
28.149 46.000
28.173 47.000
28.198 38.500
28.223 45.500
28.248 32.500
28.272 42.500
28.297 40.000
28.322 39.500
28.346 34.000
28.371 36.000
28.396 39.500
28.421 33.000
28.446 37.500
28.470 36.500
28.495 32.500
28.520 37.500
28.545 36.000
28.570 34.000
28.594 32.500
28.619 40.000
28.644 35.500
28.669 32.500
28.694 37.500
28.719 37.500
28.744 33.500
28.769 42.500
28.794 42.500
28.819 41.500
28.844 42.500
28.868 42.000
28.893 41.500
28.918 38.000
28.943 43.500
28.968 41.000
28.993 34.000
29.018 31.500
29.044 34.000
29.069 47.000
29.094 42.500
29.119 42.500
29.144 42.500
29.169 47.000
29.194 38.500
29.219 40.000
29.244 35.000
29.269 36.000
29.294 40.500
29.320 37.500
29.345 34.000
29.370 48.500
29.395 38.000
29.420 41.500
29.445 45.500
29.471 39.500
29.496 51.000
29.521 37.000
29.546 41.500
29.572 43.500
29.597 37.500
29.622 41.500
29.647 40.000
29.673 46.500
29.698 37.000
29.723 43.500
29.749 45.500
29.774 45.000
29.799 37.500
29.825 43.500
29.850 36.000
29.875 42.000
29.901 49.000
29.926 37.500
29.951 44.000
29.977 35.000
30.002 42.500
30.028 36.000
30.053 40.500
30.078 37.500
30.104 43.500
30.129 34.500
30.155 34.500
30.180 34.000
30.206 38.000
30.231 33.500
30.257 36.500
30.282 35.500
30.308 43.500
30.333 37.500
30.359 38.000
30.385 38.000
30.410 47.500
30.436 53.500
30.461 47.500
30.487 53.000
30.512 55.500
30.538 76.000
30.564 58.000
30.589 74.500
30.615 82.500
30.641 90.000
30.666 87.500
30.692 96.500
30.718 116.000
30.743 129.000
30.769 132.500
30.795 157.000
30.820 157.000
30.846 152.500
30.872 153.500
30.898 140.000
30.923 157.000
30.949 148.500
30.975 144.000
31.001 126.000
31.026 116.000
31.052 124.500
31.078 91.500
31.104 92.000
31.130 75.000
31.156 71.500
31.181 64.000
31.207 58.000
31.233 51.500
31.259 43.500
31.285 48.000
31.311 42.000
31.337 38.000
31.363 49.000
31.388 39.000
31.414 41.500
31.440 37.500
31.466 38.500
31.492 37.000
31.518 43.000
31.544 44.000
31.570 36.500
31.596 36.500
31.622 33.000
31.648 39.500
31.674 28.500
31.700 39.500
31.726 37.000
31.752 37.000
31.778 33.000
31.804 34.500
31.830 32.500
31.857 39.000
31.883 49.500
31.909 42.000
31.935 36.000
31.961 35.500
31.987 47.500
32.013 42.500
32.039 43.500
32.065 39.500
32.092 42.000
32.118 44.500
32.144 33.500
32.170 43.500
32.196 43.500
32.223 37.500
32.249 41.500
32.275 40.000
32.301 43.500
32.327 38.500
32.354 43.000
32.380 39.500
32.406 39.500
32.432 47.000
32.459 43.000
32.485 49.500
32.511 39.000
32.538 41.500
32.564 38.000
32.590 47.500
32.617 46.500
32.643 45.000
32.669 43.000
32.696 51.000
32.722 50.000
32.748 46.500
32.775 48.000
32.801 54.500
32.827 48.500
32.854 51.000
32.880 44.000
32.907 44.000
32.933 42.500
32.960 36.000
32.986 52.000
33.012 38.000
33.039 47.000
33.065 40.500
33.092 38.500
33.118 39.000
33.145 34.000
33.171 47.000
33.198 42.500
33.224 35.000
33.251 43.500
33.277 55.000
33.304 44.000
33.331 49.000
33.357 44.500
33.384 72.000
33.410 56.500
33.437 69.500
33.463 88.000
33.490 89.000
33.517 101.500
33.543 104.500
33.570 114.500
33.597 117.000
33.623 130.500
33.650 126.500
33.676 125.000
33.703 126.000
33.730 144.500
33.757 129.500
33.783 117.500
33.810 109.000
33.837 110.500
33.863 103.000
33.890 104.500
33.917 95.500
33.943 85.000
33.970 84.000
33.997 61.000
34.024 66.000
34.051 58.000
34.077 53.500
34.104 43.000
34.131 52.000
34.158 39.500
34.184 45.000
34.211 42.500
34.238 34.000
34.265 31.500
34.292 33.000
34.319 30.000
34.345 36.000
34.372 40.500
34.399 35.500
34.426 36.500
34.453 34.000
34.480 29.500
34.507 37.500
34.534 27.500
34.561 38.000
34.587 39.000
34.614 36.500
34.641 36.000
34.668 36.000
34.695 43.000
34.722 42.500
34.749 33.000
34.776 41.000
34.803 41.500
34.830 24.000
34.857 35.500
34.884 35.500
34.911 31.000
34.938 29.000
34.965 42.500
34.992 32.500
35.019 28.000
35.046 35.500
35.073 31.500
35.100 39.500
35.127 27.500
35.155 33.500
35.182 28.000
35.209 34.500
35.236 34.500
35.263 35.500
35.290 30.500
35.317 34.500
35.344 37.500
35.371 30.000
35.399 30.500
35.426 35.500
35.453 36.500
35.480 29.500
35.507 37.000
35.534 37.000
35.562 25.500
35.589 37.000
35.616 36.000
35.643 36.000
35.670 32.500
35.698 39.000
35.725 37.500
35.752 41.000
35.779 43.500
35.807 32.500
35.834 39.000
35.861 42.000
35.888 44.500
35.916 40.500
35.943 37.500
35.970 36.000
35.997 39.500
36.025 41.500
36.052 35.500
36.079 32.500
36.107 33.500
36.134 42.000
36.161 27.500
36.189 41.000
36.216 33.500
36.243 30.000
36.271 38.000
36.298 30.500
36.326 40.500
36.353 33.500
36.380 33.500
36.408 41.000
36.435 34.000
36.463 37.500
36.490 30.000
36.517 33.500
36.545 38.000
36.572 28.500
36.600 36.500
36.627 39.500
36.655 43.000
36.682 31.500
36.710 31.500
36.737 36.000
36.765 45.000
36.792 38.000
36.820 32.000
36.847 41.500
36.875 37.500
36.902 33.000
36.930 39.000
36.957 35.000
36.985 38.500
37.012 34.000
37.040 39.000
37.067 38.000
37.095 34.000
37.122 34.000
37.150 31.500
37.178 34.500
37.205 35.500
37.233 35.500
37.260 39.500
37.288 44.000
37.316 37.500
37.343 38.500
37.371 40.500
37.399 41.500
37.426 45.000
37.454 44.000
37.481 48.000
37.509 43.500
37.537 35.500
37.564 34.000
37.592 51.000
37.620 43.500
37.648 40.500
37.675 46.500
37.703 32.500
37.731 48.000
37.758 40.500
37.786 41.500
37.814 39.000
37.842 51.500
37.869 37.500
37.897 37.000
37.925 42.500
37.953 36.500
37.980 32.500
38.008 39.500
38.036 29.000
38.064 40.000
38.091 37.000
38.119 41.000
38.147 32.500
38.175 39.500
38.203 34.000
38.230 36.000
38.258 32.000
38.286 32.000
38.314 33.500
38.342 33.000
38.370 33.500
38.397 42.000
38.425 44.000
38.453 45.500
38.481 32.500
38.509 36.500
38.537 30.500
38.565 33.500
38.593 31.500
38.620 33.000
38.648 39.000
38.676 28.500
38.704 38.000
38.732 26.000
38.760 29.000
38.788 41.000
38.816 42.000
38.844 36.500
38.872 36.000
38.900 38.500
38.928 40.000
38.956 40.500
38.984 30.500
39.012 34.500
39.040 33.000
39.068 36.500
39.096 46.500
39.124 32.000
39.152 38.500
39.180 39.000
39.208 34.500
39.236 39.000
39.264 34.000
39.292 36.500
39.320 41.000
39.348 39.000
39.376 33.000
39.404 39.000
39.432 43.000
39.460 39.000
39.488 33.000
39.516 41.000
39.544 42.500
39.572 36.500
39.600 34.500
39.629 34.500
39.657 41.500
39.685 34.500
39.713 46.000
39.741 39.500
39.769 42.500
39.797 43.500
39.825 44.000
39.854 51.000
39.882 45.500
39.910 46.000
39.938 52.000
39.966 42.000
39.994 53.000
40.023 42.500
40.051 51.500
40.079 47.500
40.107 46.000
40.135 53.000
40.163 48.000
40.192 46.000
40.220 40.500
40.248 43.500
40.276 44.000
40.304 43.500
40.333 37.000
40.361 35.500
40.389 40.000
40.417 40.000
40.446 31.500
40.474 43.000
40.502 39.000
40.530 41.000
40.559 33.000
40.587 35.000
40.615 39.500
40.644 36.500
40.672 33.000
40.700 32.000
40.728 30.000
40.757 39.000
40.785 35.000
40.813 41.500
40.842 45.000
40.870 41.000
40.898 38.500
40.927 43.000
40.955 37.000
40.983 39.500
41.012 36.000
41.040 36.500
41.068 35.500
41.097 38.500
41.125 38.000
41.153 37.500
41.182 37.500
41.210 37.500
41.239 36.500
41.267 38.000
41.295 40.500
41.324 45.000
41.352 37.000
41.381 40.000
41.409 39.500
41.437 32.500
41.466 40.000
41.494 37.500
41.523 39.500
41.551 40.000
41.580 46.000
41.608 42.500
41.636 41.000
41.665 47.000
41.693 40.000
41.722 51.000
41.750 41.000
41.779 44.500
41.807 41.000
41.836 41.000
41.864 43.500
41.893 42.500
41.921 44.500
41.950 46.000
41.978 46.000
42.007 45.000
42.035 54.000
42.064 40.000
42.092 40.500
42.121 49.000
42.149 41.000
42.178 54.500
42.206 46.500
42.235 51.000
42.263 55.000
42.292 53.500
42.320 51.500
42.349 67.500
42.377 60.000
42.406 59.000
42.435 63.500
42.463 67.000
42.492 67.000
42.520 78.500
42.549 67.000
42.577 77.000
42.606 71.000
42.635 67.500
42.663 85.500
42.692 64.500
42.720 68.500
42.749 61.500
42.778 65.500
42.806 77.500
42.835 77.000
42.864 78.500
42.892 71.500
42.921 85.500
42.949 69.000
42.978 75.000
43.007 91.000
43.035 78.000
43.064 97.000
43.093 103.500
43.121 96.500
43.150 91.000
43.179 81.000
43.207 92.500
43.236 74.000
43.265 88.000
43.293 80.000
43.322 79.500
43.351 88.500
43.379 85.000
43.408 80.000
43.437 79.500
43.466 80.500
43.494 80.500
43.523 71.500
43.552 71.500
43.580 62.000
43.609 67.500
43.638 64.000
43.667 69.000
43.695 71.500
43.724 66.500
43.753 54.500
43.782 76.000
43.810 60.500
43.839 67.000
43.868 74.000
43.897 69.000
43.925 63.500
43.954 65.500
43.983 66.000
44.012 75.500
44.040 65.500
44.069 66.500
44.098 69.500
44.127 66.000
44.156 64.000
44.184 69.000
44.213 67.500
44.242 62.500
44.271 55.000
44.299 65.000
44.328 64.500
44.357 57.000
44.386 56.500
44.415 60.500
44.444 64.500
44.472 64.500
44.501 62.000
44.530 42.000
44.559 45.000
44.588 44.500
44.617 44.000
44.645 48.000
44.674 58.500
44.703 41.000
44.732 51.500
44.761 54.000
44.790 45.000
44.819 49.500
44.847 44.500
44.876 53.500
44.905 40.000
44.934 50.500
44.963 63.000
44.992 49.000
45.021 64.000
45.050 53.000
45.078 63.000
45.107 62.500
45.136 62.000
45.165 87.500
45.194 83.500
45.223 80.000
45.252 73.000
45.281 76.000
45.310 83.500
45.339 73.500
45.367 84.000
45.396 75.500
45.425 89.000
45.454 78.500
45.483 82.500
45.512 69.500
45.541 72.500
45.570 69.000
45.599 67.000
45.628 68.500
45.657 53.500
45.686 62.500
45.715 63.000
45.744 51.500
45.773 54.000
45.802 51.000
45.831 49.500
45.860 38.500
45.889 45.000
45.917 48.000
45.946 42.500
45.975 32.500
46.004 42.500
46.033 44.000
46.062 40.000
46.091 34.000
46.120 41.000
46.149 42.000
46.178 45.000
46.207 45.500
46.236 38.500
46.265 41.000
46.294 45.000
46.323 34.500
46.352 40.500
46.381 51.000
46.410 42.000
46.439 39.500
46.468 35.500
46.497 40.000
46.526 38.000
46.555 49.000
46.585 41.000
46.614 31.500
46.643 35.500
46.672 33.000
46.701 41.500
46.730 38.000
46.759 44.000
46.788 37.000
46.817 39.000
46.846 48.500
46.875 40.500
46.904 50.000
46.933 39.500
46.962 39.500
46.991 44.000
47.020 40.000
47.049 41.500
47.078 42.500
47.107 47.000
47.136 42.500
47.166 36.500
47.195 46.500
47.224 47.000
47.253 43.000
47.282 42.000
47.311 37.500
47.340 46.500
47.369 41.500
47.398 46.000
47.427 46.500
47.456 47.000
47.485 42.000
47.515 41.500
47.544 54.500
47.573 45.000
47.602 46.500
47.631 45.000
47.660 39.500
47.689 56.500
47.718 43.500
47.747 52.000
47.777 43.000
47.806 45.000
47.835 49.500
47.864 48.500
47.893 49.500
47.922 45.000
47.951 42.000
47.980 43.500
48.009 37.500
48.039 50.000
48.068 51.000
48.097 50.500
48.126 50.000
48.155 37.500
48.184 46.000
48.213 45.000
48.243 55.000
48.272 45.500
48.301 51.000
48.330 46.500
48.359 40.500
48.388 59.500
48.417 56.000
48.447 52.000
48.476 55.000
48.505 67.500
48.534 61.000
48.563 56.500
48.592 57.500
48.622 51.500
48.651 47.500
48.680 60.500
48.709 60.500
48.738 52.000
48.767 49.000
48.797 50.000
48.826 57.000
48.855 47.000
48.884 55.500
48.913 48.000
48.942 40.500
48.972 40.000
49.001 40.000
49.030 49.000
49.059 50.000
49.088 50.000
49.118 39.000
49.147 36.500
49.176 33.000
49.205 50.000
49.234 29.500
49.263 36.000
49.293 35.000
49.322 40.000
49.351 40.000
49.380 32.000
49.409 34.000
49.439 41.000
49.468 41.500
49.497 34.500
49.526 45.000
49.555 36.500
49.585 32.500
49.614 41.500
49.643 36.000
49.672 37.500
49.701 34.000
49.731 35.000
49.760 38.500
49.789 35.000
49.818 35.000
49.848 41.000
49.877 36.500
49.906 33.500
49.935 44.000
49.964 40.500
49.994 32.000
50.023 44.500
50.052 39.500
50.081 46.000
50.110 39.000
50.140 32.500
50.169 43.500
50.198 37.000
50.227 46.500
50.257 37.000
50.286 23.500
50.315 43.500
50.344 40.000
50.374 25.000
50.403 41.000
50.432 39.000
50.461 42.500
50.490 52.000
50.520 42.000
50.549 37.000
50.578 43.000
50.607 39.500
50.637 42.000
50.666 49.000
50.695 38.000
50.724 39.500
50.754 39.500
50.783 40.000
50.812 44.500
50.841 46.500
50.870 63.500
50.900 52.000
50.929 52.500
50.958 45.000
50.987 49.500
51.017 48.000
51.046 51.500
51.075 53.500
51.104 55.500
51.134 63.500
51.163 62.000
51.192 64.500
51.221 60.500
51.251 52.000
51.280 54.000
51.309 63.500
51.338 55.000
51.368 57.500
51.397 54.000
51.426 67.500
51.455 51.000
51.485 55.500
51.514 53.500
51.543 46.500
51.572 58.000
51.602 42.000
51.631 53.500
51.660 49.500
51.689 56.000
51.719 52.000
51.748 51.000
51.777 56.000
51.806 58.000
51.836 45.500
51.865 58.000
51.894 51.000
51.923 63.000
51.953 64.500
51.982 59.500
52.011 60.500
52.040 62.500
52.070 62.500
52.099 62.500
52.128 63.000
52.157 71.500
52.187 75.500
52.216 64.500
52.245 71.500
52.274 59.000
52.304 63.000
52.333 61.500
52.362 69.500
52.391 73.000
52.421 60.000
52.450 60.500
52.479 61.500
52.508 65.500
52.538 68.000
52.567 57.500
52.596 54.000
52.625 51.000
52.655 54.500
52.684 53.000
52.713 48.000
52.742 40.000
52.772 41.000
52.801 47.000
52.830 36.500
52.859 40.000
52.889 47.000
52.918 40.500
52.947 41.000
52.976 39.000
53.006 40.500
53.035 52.500
53.064 38.000
53.093 35.500
53.123 40.000
53.152 37.500
53.181 35.000
53.210 46.000
53.240 45.000
53.269 44.500
53.298 38.500
53.327 43.500
53.357 37.500
53.386 52.000
53.415 40.500
53.444 45.500
53.473 43.000
53.503 50.000
53.532 55.000
