22.000
35.000
48.000
30.000
27.000
26.000
25.000
34.000
28.000
27.000
30.000
24.000
28.000
26.000
28.000
26.000
30.000
20.000
29.000
29.000
26.000
25.000
18.000
25.000
14.000
24.000
28.000
21.000
19.000
31.000
18.000
20.000
22.000
23.000
24.000
18.000
29.000
27.000
32.000
23.000
37.000
34.000
29.000
23.000
33.000
24.000
27.000
35.000
34.000
33.000
31.000
33.000
25.000
36.000
32.000
40.000
24.000
39.000
34.000
29.000
34.000
35.000
25.000
27.000
24.000
31.000
29.000
33.000
33.000
30.000
25.000
29.000
18.000
25.000
28.000
22.000
22.000
32.000
22.000
32.000
19.000
14.000
22.000
22.000
18.000
26.000
30.000
28.000
31.000
35.000
22.000
23.000
28.000
20.000
29.000
16.000
20.000
34.000
23.000
20.000
20.000
19.000
19.000
19.000
28.000
26.000
21.000
22.000
22.000
15.000
19.000
30.000
18.000
25.000
21.000
22.000
25.000
23.000
20.000
23.000
17.000
25.000
24.000
30.000
25.000
12.000
26.000
29.000
26.000
31.000
21.000
26.000
24.000
15.000
16.000
26.000
27.000
23.000
31.000
24.000
20.000
19.000
15.000
20.000
27.000
32.000
23.000
24.000
24.000
28.000
23.000
18.000
30.000
33.000
22.000
25.000
31.000
20.000
22.000
23.000
34.000
21.000
27.000
33.000
24.000
32.000
16.000
28.000
29.000
33.000
19.000
22.000
33.000
31.000
28.000
23.000
23.000
22.000
26.000
36.000
27.000
27.000
24.000
19.000
25.000
26.000
23.000
26.000
34.000
29.000
22.000
30.000
26.000
22.000
22.000
32.000
23.000
32.000
22.000
33.000
28.000
20.000
23.000
31.000
40.000
28.000
42.000
32.000
34.000
30.000
32.000
45.000
47.000
43.000
53.000
52.000
50.000
52.000
55.000
63.000
57.000
71.000
55.000
62.000
66.000
67.000
55.000
89.000
67.000
57.000
57.000
64.000
55.000
47.000
37.000
34.000
28.000
26.000
27.000
21.000
27.000
28.000
19.000
25.000
40.000
27.000
38.000
17.000
28.000
28.000
34.000
21.000
26.000
17.000
33.000
18.000
22.000
32.000
44.000
22.000
27.000
33.000
31.000
33.000
37.000
19.000
29.000
23.000
25.000
35.000
32.000
24.000
30.000
28.000
35.000
31.000
32.000
31.000
31.000
39.000
39.000
38.000
47.000
47.000
59.000
55.000
59.000
83.000
61.000
73.000
91.000
83.000
89.000
128.000
137.000
141.000
135.000
135.000
150.000
159.000
154.000
150.000
141.000
134.000
135.000
123.000
103.000
120.000
82.000
96.000
72.000
64.000
46.000
72.000
62.000
68.000
63.000
67.000
65.000
70.000
91.000
98.000
82.000
86.000
96.000
101.000
121.000
84.000
88.000
92.000
91.000
84.000
88.000
57.000
58.000
50.000
69.000
42.000
37.000
44.000
42.000
45.000
32.000
30.000
38.000
24.000
39.000
32.000
40.000
37.000
38.000
34.000
37.000
35.000
45.000
42.000
42.000
49.000
48.000
51.000
55.000
68.000
59.000
53.000
55.000
64.000
70.000
58.000
51.000
71.000
53.000
57.000
59.000
44.000
41.000
56.000
42.000
43.000
31.000
29.000
30.000
30.000
31.000
28.000
18.000
27.000
27.000
37.000
33.000
25.000
27.000
46.000
38.000
22.000
30.000
22.000
24.000
22.000
28.000
33.000
28.000
33.000
29.000
28.000
25.000
38.000
35.000
32.000
22.000
20.000
31.000
37.000
34.000
33.000
14.000
23.000
29.000
24.000
30.000
34.000
34.000
27.000
26.000
38.000
28.000
36.000
33.000
27.000
38.000
22.000
37.000
29.000
21.000
35.000
26.000
26.000
24.000
33.000
39.000
37.000
30.000
20.000
34.000
30.000
34.000
33.000
24.000
26.000
30.000
30.000
32.000
29.000
31.000
26.000
32.000
23.000
34.000
33.000
27.000
22.000
30.000
26.000
31.000
30.000
36.000
32.000
34.000
35.000
43.000
38.000
45.000
52.000
53.000
58.000
76.000
72.000
106.000
101.000
115.000
123.000
120.000
133.000
148.000
189.000
175.000
188.000
182.000
193.000
166.000
172.000
174.000
154.000
133.000
115.000
97.000
82.000
85.000
92.000
56.000
60.000
44.000
38.000
29.000
30.000
41.000
29.000
35.000
27.000
32.000
25.000
31.000
29.000
30.000
26.000
27.000
30.000
30.000
32.000
27.000
41.000
25.000
36.000
30.000
30.000
41.000
32.000
24.000
27.000
34.000
44.000
29.000
26.000
32.000
22.000
25.000
31.000
35.000
20.000
26.000
28.000
33.000
29.000
31.000
31.000
29.000
32.000
42.000
35.000
44.000
42.000
42.000
42.000
52.000
46.000
40.000
33.000
39.000
48.000
41.000
37.000
35.000
35.000
37.000
36.000
35.000
43.000
36.000
45.000
38.000
31.000
32.000
38.000
37.000
37.000
42.000
37.000
39.000
38.000
47.000
35.000
49.000
39.000
42.000
56.000
65.000
75.000
83.000
100.000
91.000
99.000
84.000
102.000
92.000
116.000
95.000
123.000
100.000
115.000
123.000
109.000
97.000
99.000
95.000
76.000
67.000
61.000
64.000
59.000
45.000
46.000
37.000
45.000
31.000
42.000
29.000
23.000
38.000
36.000
28.000
34.000
32.000
31.000
34.000
29.000
24.000
27.000
32.000
28.000
26.000
39.000
29.000
33.000
29.000
17.000
30.000
31.000
32.000
28.000
34.000
25.000
30.000
29.000
34.000
37.000
30.000
28.000
36.000
35.000
31.000
30.000
28.000
24.000
24.000
25.000
21.000
32.000
29.000
36.000
23.000
45.000
42.000
32.000
34.000
27.000
39.000
34.000
26.000
35.000
36.000
39.000
26.000
23.000
33.000
30.000
37.000
30.000
28.000
33.000
28.000
22.000
33.000
34.000
35.000
25.000
33.000
26.000
35.000
29.000
20.000
26.000
33.000
27.000
21.000
31.000
37.000
34.000
34.000
29.000
32.000
24.000
18.000
33.000
20.000
32.000
27.000
28.000
30.000
35.000
27.000
27.000
20.000
19.000
28.000
31.000
20.000
37.000
28.000
33.000
33.000
34.000
26.000
25.000
27.000
37.000
37.000
31.000
43.000
26.000
30.000
33.000
38.000
23.000
40.000
41.000
35.000
27.000
35.000
21.000
51.000
49.000
28.000
26.000
33.000
29.000
26.000
28.000
34.000
31.000
25.000
30.000
29.000
26.000
31.000
37.000
25.000
32.000
25.000
30.000
24.000
24.000
28.000
37.000
29.000
32.000
35.000
28.000
31.000
33.000
19.000
24.000
29.000
34.000
28.000
24.000
37.000
31.000
30.000
25.000
31.000
38.000
27.000
16.000
35.000
29.000
30.000
31.000
24.000
32.000
31.000
24.000
26.000
29.000
26.000
22.000
30.000
35.000
39.000
33.000
27.000
31.000
37.000
31.000
21.000
38.000
27.000
28.000
26.000
38.000
33.000
38.000
31.000
32.000
34.000
37.000
38.000
32.000
26.000
22.000
31.000
39.000
26.000
52.000
46.000
45.000
31.000
35.000
37.000
47.000
45.000
47.000
47.000
46.000
41.000
43.000
41.000
44.000
39.000
38.000
35.000
27.000
27.000
32.000
31.000
28.000
26.000
32.000
29.000
27.000
31.000
28.000
21.000
24.000
35.000
39.000
32.000
46.000
34.000
40.000
34.000
40.000
31.000
33.000
37.000
27.000
35.000
32.000
34.000
29.000
32.000
42.000
36.000
36.000
30.000
33.000
33.000
35.000
36.000
36.000
32.000
40.000
36.000
28.000
38.000
32.000
37.000
27.000
26.000
33.000
35.000
41.000
43.000
37.000
34.000
45.000
36.000
41.000
49.000
46.000
29.000
52.000
46.000
44.000
49.000
55.000
46.000
45.000
57.000
66.000
70.000
50.000
64.000
53.000
74.000
59.000
69.000
55.000
62.000
53.000
51.000
56.000
64.000
63.000
75.000
56.000
67.000
83.000
59.000
61.000
65.000
74.000
61.000
74.000
78.000
69.000
79.000
71.000
94.000
75.000
91.000
75.000
82.000
70.000
79.000
68.000
76.000
75.000
63.000
76.000
66.000
52.000
63.000
48.000
52.000
49.000
45.000
43.000
50.000
52.000
42.000
49.000
57.000
50.000
53.000
62.000
52.000
61.000
47.000
64.000
62.000
44.000
48.000
55.000
67.000
58.000
48.000
57.000
59.000
59.000
50.000
45.000
56.000
64.000
46.000
47.000
44.000
37.000
56.000
56.000
45.000
28.000
35.000
36.000
31.000
22.000
38.000
47.000
35.000
53.000
51.000
59.000
67.000
62.000
53.000
57.000
69.000
52.000
88.000
69.000
69.000
64.000
81.000
97.000
79.000
91.000
87.000
67.000
86.000
83.000
94.000
77.000
81.000
62.000
74.000
63.000
52.000
53.000
44.000
51.000
44.000
37.000
46.000
32.000
39.000
26.000
33.000
31.000
37.000
41.000
36.000
32.000
27.000
38.000
44.000
30.000
29.000
33.000
33.000
28.000
23.000
39.000
28.000
39.000
36.000
36.000
34.000
26.000
21.000
31.000
38.000
22.000
29.000
38.000
26.000
28.000
26.000
42.000
37.000
26.000
33.000
34.000
32.000
29.000
38.000
40.000
40.000
47.000
39.000
34.000
30.000
28.000
38.000
25.000
39.000
27.000
34.000
39.000
57.000
46.000
35.000
47.000
45.000
41.000
35.000
47.000
47.000
40.000
43.000
39.000
44.000
38.000
43.000
36.000
44.000
39.000
38.000
33.000
55.000
50.000
50.000
43.000
53.000
53.000
60.000
50.000
46.000
54.000
51.000
53.000
57.000
62.000
44.000
56.000
69.000
49.000
59.000
66.000
54.000
62.000
44.000
60.000
41.000
49.000
55.000
45.000
30.000
41.000
34.000
44.000
35.000
28.000
26.000
39.000
30.000
34.000
40.000
33.000
40.000
29.000
39.000
23.000
33.000
30.000
37.000
35.000
28.000
32.000
33.000
34.000
44.000
28.000
31.000
37.000
30.000
46.000
47.000
71.000
71.000
51.000
63.000
68.000
57.000
53.000
52.000
29.000
42.000
25.000
32.000
32.000
31.000
35.000
31.000
27.000
28.000
43.000
33.000
36.000
27.000
35.000
26.000
41.000
42.000
33.000
34.000
36.000
31.000
34.000
25.000
43.000
37.000
44.000
46.000
34.000
36.000
42.000
41.000
46.000
38.000
67.000
48.000
56.000
49.000
61.000
61.000
53.000
52.000
45.000
60.000
64.000
50.000
57.000
61.000
65.000
67.000
59.000
63.000
61.000
76.000
68.000
47.000
44.000
47.000
59.000
51.000
45.000
50.000
55.000
49.000
57.000
60.000
61.000
64.000
73.000
53.000
70.000
50.000
66.000
62.000
60.000
60.000
54.000
74.000
63.000
72.000
81.000
79.000
88.000
80.000
71.000
73.000
84.000
67.000
69.000
67.000
55.000
50.000
57.000
50.000
42.000
50.000
44.000
42.000
34.000
50.000
35.000
33.000
32.000
45.000
29.000
36.000
30.000
