26.000
30.000
29.000
33.000
43.000
24.000
29.000
21.000
32.000
40.000
37.000
21.000
30.000
23.000
25.000
35.000
30.000
27.000
24.000
34.000
40.000
21.000
31.000
21.000
32.000
31.000
29.000
34.000
38.000
26.000
38.000
23.000
40.000
27.000
28.000
28.000
37.000
31.000
30.000
36.000
33.000
28.000
33.000
39.000
35.000
36.000
43.000
42.000
40.000
36.000
39.000
33.000
45.000
43.000
33.000
28.000
34.000
36.000
35.000
34.000
30.000
23.000
22.000
28.000
26.000
34.000
32.000
32.000
28.000
39.000
21.000
35.000
35.000
27.000
32.000
37.000
31.000
32.000
33.000
32.000
33.000
29.000
31.000
39.000
29.000
35.000
28.000
30.000
21.000
25.000
39.000
18.000
27.000
26.000
51.000
32.000
29.000
34.000
27.000
24.000
31.000
34.000
35.000
29.000
26.000
23.000
27.000
34.000
33.000
39.000
32.000
30.000
26.000
29.000
25.000
22.000
33.000
26.000
27.000
27.000
34.000
19.000
27.000
26.000
33.000
26.000
33.000
39.000
27.000
25.000
33.000
32.000
28.000
32.000
41.000
27.000
23.000
29.000
34.000
46.000
18.000
37.000
32.000
21.000
40.000
24.000
25.000
36.000
33.000
31.000
35.000
45.000
21.000
36.000
34.000
33.000
31.000
41.000
45.000
32.000
36.000
40.000
24.000
27.000
28.000
23.000
23.000
30.000
41.000
38.000
26.000
29.000
37.000
27.000
24.000
32.000
30.000
27.000
33.000
36.000
28.000
32.000
33.000
40.000
32.000
41.000
36.000
30.000
22.000
31.000
30.000
35.000
39.000
33.000
36.000
24.000
29.000
33.000
35.000
55.000
43.000
45.000
43.000
35.000
43.000
45.000
52.000
55.000
57.000
55.000
58.000
67.000
71.000
50.000
56.000
62.000
52.000
55.000
53.000
52.000
60.000
42.000
51.000
39.000
43.000
51.000
34.000
36.000
32.000
32.000
32.000
47.000
36.000
34.000
27.000
37.000
40.000
45.000
42.000
25.000
36.000
22.000
45.000
29.000
41.000
37.000
32.000
31.000
37.000
38.000
46.000
40.000
35.000
34.000
37.000
42.000
43.000
36.000
38.000
34.000
39.000
32.000
31.000
34.000
36.000
41.000
33.000
50.000
46.000
55.000
51.000
51.000
53.000
56.000
59.000
46.000
47.000
63.000
71.000
94.000
88.000
94.000
95.000
114.000
120.000
140.000
148.000
144.000
118.000
127.000
162.000
153.000
131.000
127.000
124.000
112.000
102.000
88.000
96.000
78.000
61.000
63.000
73.000
64.000
66.000
66.000
50.000
73.000
73.000
72.000
84.000
70.000
80.000
75.000
89.000
103.000
94.000
92.000
106.000
75.000
84.000
86.000
80.000
65.000
87.000
53.000
50.000
54.000
48.000
45.000
51.000
45.000
48.000
39.000
42.000
39.000
48.000
46.000
55.000
44.000
37.000
48.000
47.000
42.000
34.000
41.000
52.000
49.000
37.000
56.000
56.000
54.000
49.000
60.000
59.000
61.000
73.000
73.000
75.000
70.000
66.000
65.000
64.000
53.000
38.000
44.000
44.000
42.000
44.000
44.000
38.000
37.000
36.000
33.000
27.000
34.000
36.000
44.000
39.000
30.000
23.000
33.000
36.000
27.000
35.000
43.000
40.000
28.000
29.000
30.000
23.000
37.000
35.000
27.000
38.000
44.000
32.000
33.000
45.000
38.000
42.000
44.000
36.000
31.000
48.000
52.000
46.000
36.000
48.000
58.000
37.000
43.000
29.000
37.000
54.000
41.000
39.000
56.000
35.000
40.000
37.000
58.000
36.000
35.000
43.000
50.000
48.000
36.000
32.000
37.000
32.000
35.000
24.000
36.000
42.000
34.000
51.000
40.000
42.000
43.000
48.000
52.000
50.000
41.000
44.000
35.000
37.000
40.000
35.000
35.000
43.000
49.000
32.000
30.000
43.000
52.000
38.000
46.000
42.000
52.000
48.000
55.000
64.000
62.000
70.000
75.000
93.000
129.000
127.000
151.000
155.000
138.000
162.000
143.000
177.000
146.000
175.000
138.000
136.000
133.000
126.000
124.000
96.000
124.000
86.000
88.000
72.000
39.000
58.000
54.000
59.000
52.000
31.000
41.000
43.000
43.000
48.000
37.000
31.000
50.000
50.000
40.000
33.000
38.000
53.000
37.000
30.000
37.000
38.000
35.000
33.000
39.000
39.000
41.000
42.000
43.000
35.000
36.000
40.000
35.000
44.000
35.000
48.000
44.000
47.000
40.000
39.000
53.000
41.000
41.000
47.000
45.000
48.000
37.000
34.000
51.000
50.000
49.000
47.000
46.000
55.000
37.000
44.000
54.000
55.000
55.000
41.000
49.000
55.000
43.000
52.000
41.000
49.000
34.000
38.000
33.000
40.000
35.000
28.000
41.000
54.000
54.000
38.000
47.000
61.000
47.000
49.000
39.000
58.000
57.000
65.000
65.000
66.000
76.000
85.000
92.000
92.000
108.000
111.000
106.000
128.000
116.000
119.000
140.000
122.000
129.000
94.000
112.000
108.000
110.000
94.000
89.000
84.000
78.000
71.000
55.000
61.000
64.000
41.000
50.000
32.000
43.000
44.000
51.000
42.000
30.000
31.000
46.000
41.000
34.000
39.000
43.000
40.000
54.000
28.000
30.000
36.000
28.000
33.000
43.000
34.000
24.000
37.000
29.000
37.000
31.000
32.000
40.000
36.000
34.000
28.000
38.000
29.000
26.000
33.000
32.000
29.000
30.000
25.000
43.000
41.000
42.000
36.000
34.000
28.000
48.000
28.000
29.000
35.000
49.000
33.000
30.000
29.000
41.000
39.000
29.000
41.000
40.000
39.000
35.000
36.000
43.000
30.000
45.000
29.000
44.000
44.000
35.000
41.000
43.000
34.000
34.000
32.000
42.000
30.000
34.000
43.000
45.000
40.000
32.000
40.000
33.000
36.000
29.000
30.000
34.000
38.000
43.000
41.000
39.000
31.000
32.000
47.000
31.000
32.000
36.000
32.000
34.000
40.000
48.000
35.000
34.000
39.000
33.000
37.000
42.000
42.000
32.000
39.000
30.000
33.000
28.000
40.000
37.000
42.000
36.000
47.000
39.000
41.000
44.000
40.000
44.000
46.000
58.000
45.000
47.000
48.000
37.000
37.000
44.000
43.000
40.000
40.000
32.000
42.000
43.000
27.000
36.000
39.000
52.000
28.000
27.000
32.000
28.000
26.000
33.000
48.000
42.000
36.000
48.000
32.000
56.000
37.000
29.000
30.000
34.000
40.000
36.000
37.000
29.000
30.000
34.000
28.000
40.000
28.000
44.000
35.000
47.000
34.000
32.000
42.000
46.000
37.000
35.000
28.000
43.000
36.000
43.000
39.000
36.000
39.000
36.000
47.000
50.000
30.000
35.000
31.000
32.000
41.000
37.000
37.000
34.000
36.000
43.000
32.000
41.000
30.000
47.000
33.000
40.000
42.000
40.000
43.000
32.000
47.000
45.000
58.000
39.000
49.000
48.000
43.000
41.000
45.000
47.000
54.000
49.000
39.000
41.000
43.000
55.000
54.000
43.000
44.000
42.000
57.000
44.000
46.000
47.000
49.000
30.000
36.000
32.000
41.000
42.000
39.000
33.000
42.000
30.000
41.000
41.000
49.000
37.000
26.000
39.000
43.000
35.000
38.000
37.000
37.000
46.000
30.000
37.000
25.000
30.000
48.000
46.000
29.000
37.000
37.000
48.000
44.000
34.000
42.000
41.000
49.000
38.000
30.000
28.000
43.000
37.000
38.000
49.000
39.000
51.000
39.000
48.000
50.000
47.000
47.000
43.000
49.000
44.000
49.000
45.000
57.000
44.000
52.000
49.000
51.000
47.000
44.000
54.000
52.000
69.000
52.000
63.000
67.000
74.000
66.000
67.000
82.000
68.000
77.000
75.000
62.000
64.000
63.000
63.000
66.000
77.000
77.000
84.000
75.000
80.000
66.000
66.000
76.000
92.000
93.000
86.000
70.000
80.000
98.000
66.000
94.000
82.000
96.000
110.000
98.000
79.000
98.000
102.000
65.000
73.000
82.000
80.000
74.000
70.000
68.000
78.000
65.000
84.000
51.000
62.000
62.000
80.000
65.000
73.000
56.000
53.000
75.000
67.000
72.000
69.000
66.000
67.000
66.000
67.000
72.000
63.000
57.000
45.000
57.000
61.000
55.000
56.000
66.000
63.000
79.000
60.000
51.000
46.000
50.000
52.000
53.000
49.000
55.000
48.000
48.000
52.000
53.000
42.000
50.000
41.000
56.000
52.000
64.000
57.000
56.000
64.000
70.000
80.000
65.000
89.000
75.000
90.000
96.000
96.000
83.000
80.000
83.000
81.000
80.000
67.000
66.000
82.000
67.000
69.000
66.000
52.000
64.000
53.000
51.000
61.000
46.000
51.000
39.000
47.000
51.000
50.000
31.000
45.000
39.000
43.000
50.000
45.000
44.000
50.000
36.000
41.000
23.000
39.000
37.000
36.000
34.000
47.000
36.000
32.000
55.000
40.000
48.000
49.000
49.000
36.000
38.000
53.000
40.000
51.000
51.000
35.000
30.000
36.000
37.000
43.000
35.000
39.000
44.000
49.000
48.000
50.000
45.000
39.000
62.000
38.000
38.000
32.000
45.000
43.000
54.000
45.000
41.000
35.000
50.000
45.000
44.000
53.000
41.000
56.000
62.000
41.000
50.000
47.000
51.000
63.000
53.000
44.000
52.000
50.000
39.000
46.000
46.000
60.000
41.000
42.000
44.000
38.000
54.000
49.000
43.000
59.000
54.000
51.000
47.000
60.000
55.000
57.000
56.000
62.000
47.000
60.000
57.000
50.000
44.000
56.000
60.000
59.000
46.000
42.000
55.000
62.000
51.000
48.000
38.000
39.000
43.000
49.000
39.000
46.000
31.000
44.000
34.000
30.000
34.000
41.000
44.000
44.000
43.000
43.000
34.000
41.000
37.000
39.000
40.000
35.000
34.000
36.000
40.000
33.000
29.000
52.000
47.000
41.000
37.000
49.000
35.000
29.000
32.000
28.000
30.000
32.000
38.000
40.000
37.000
32.000
50.000
36.000
40.000
27.000
46.000
25.000
42.000
42.000
50.000
36.000
38.000
42.000
40.000
48.000
35.000
45.000
43.000
37.000
47.000
29.000
38.000
43.000
40.000
38.000
44.000
56.000
45.000
59.000
45.000
49.000
46.000
67.000
62.000
65.000
60.000
68.000
61.000
71.000
68.000
61.000
72.000
53.000
56.000
57.000
61.000
53.000
55.000
48.000
45.000
53.000
47.000
47.000
53.000
49.000
34.000
55.000
57.000
39.000
44.000
68.000
58.000
48.000
63.000
63.000
58.000
65.000
89.000
75.000
75.000
78.000
65.000
69.000
62.000
61.000
67.000
70.000
59.000
79.000
69.000
61.000
61.000
51.000
54.000
58.000
53.000
51.000
44.000
45.000
51.000
49.000
47.000
55.000
46.000
39.000
51.000
43.000
49.000
49.000
38.000
43.000
43.000
33.000
36.000
50.000
51.000
40.000
47.000
44.000
47.000
40.000
48.000
45.000
50.000
44.000
44.000
66.000
