34.500
26.500
30.500
27.000
28.500
32.500
33.000
27.500
26.000
26.500
37.000
27.000
31.000
25.000
30.000
32.500
28.000
36.500
26.000
31.500
25.000
29.000
31.500
27.500
30.500
24.000
33.500
32.500
27.500
37.500
27.000
39.000
26.000
33.500
36.500
38.000
30.500
27.500
34.000
39.500
35.500
32.000
34.500
37.500
31.500
36.500
37.500
39.000
35.500
36.500
39.000
33.000
35.500
28.500
30.500
37.000
35.500
44.500
26.500
32.000
38.500
30.000
30.000
32.500
26.500
36.000
37.000
30.000
25.500
31.500
27.500
33.000
29.500
32.500
35.500
35.000
33.000
23.500
26.000
28.000
27.000
37.500
27.000
32.500
32.500
26.500
22.500
30.000
33.500
27.000
28.000
26.500
30.000
24.000
21.000
26.500
27.500
32.500
22.500
23.000
28.000
28.000
25.000
29.000
32.000
29.500
30.500
31.000
26.000
34.500
29.500
22.500
32.000
27.500
35.000
27.000
32.500
27.500
26.500
28.500
29.000
22.000
27.000
33.000
31.500
31.500
30.000
25.500
31.500
34.000
23.000
28.000
26.000
32.000
26.000
27.000
26.500
30.500
24.000
36.000
31.500
31.500
30.000
39.500
32.500
30.000
29.500
35.500
36.500
27.500
39.500
36.500
37.000
35.000
35.000
36.000
39.500
30.500
31.000
30.000
40.500
35.500
35.500
29.500
33.000
30.000
31.000
39.500
31.500
28.000
40.000
37.000
31.500
31.500
39.500
29.000
34.500
37.000
34.000
30.500
36.500
37.500
26.500
36.500
33.500
30.500
25.500
37.500
37.000
36.500
30.000
33.500
27.500
34.500
35.000
38.000
40.000
43.000
42.000
37.000
44.500
40.000
51.000
51.500
46.500
54.000
58.500
52.500
66.500
63.500
63.000
70.500
61.000
72.500
62.500
60.500
57.000
42.000
58.500
49.500
50.500
45.000
40.000
47.500
38.000
34.000
39.000
36.000
28.000
34.000
37.500
27.000
32.000
37.000
36.500
41.000
40.000
31.500
39.500
30.000
38.000
32.000
32.500
33.500
33.000
35.500
33.000
30.500
31.000
32.000
40.500
35.000
42.000
37.500
38.500
28.500
34.500
33.500
40.000
36.000
37.500
42.000
38.000
31.500
44.000
47.000
38.000
38.500
49.000
48.000
45.000
53.500
58.500
58.500
54.000
58.000
65.000
65.000
80.000
85.500
79.500
99.000
94.000
99.000
101.000
118.500
135.500
125.000
126.500
134.500
144.000
136.000
122.500
118.500
110.500
127.500
93.500
88.500
72.000
73.000
65.500
75.500
71.500
64.500
61.500
66.000
55.500
63.000
82.000
79.000
87.000
85.500
89.500
80.500
94.000
83.500
91.000
82.000
89.000
85.000
90.000
81.000
79.500
66.000
58.000
61.500
50.000
49.500
56.000
50.000
48.000
43.500
46.500
46.500
55.500
45.000
50.500
37.000
40.000
39.000
60.000
38.000
43.000
42.000
52.500
44.500
57.000
48.000
53.500
53.500
53.500
49.000
54.500
46.000
70.000
63.500
65.500
56.500
68.500
70.500
66.000
57.500
48.500
51.500
48.000
51.500
46.000
47.000
38.500
45.500
32.500
42.500
40.000
39.500
34.000
36.000
39.500
33.000
37.500
36.500
32.500
37.500
36.000
34.000
32.500
40.000
35.500
32.500
37.500
37.500
33.500
42.500
42.500
41.500
42.500
42.000
41.500
38.000
43.500
41.000
34.000
31.500
34.000
47.000
42.500
42.500
42.500
47.000
38.500
40.000
35.000
36.000
40.500
37.500
34.000
48.500
38.000
41.500
45.500
39.500
51.000
37.000
41.500
43.500
37.500
41.500
40.000
46.500
37.000
43.500
45.500
45.000
37.500
43.500
36.000
42.000
49.000
37.500
44.000
35.000
42.500
36.000
40.500
37.500
43.500
34.500
34.500
34.000
38.000
33.500
36.500
35.500
43.500
37.500
38.000
38.000
47.500
53.500
47.500
53.000
55.500
76.000
58.000
74.500
82.500
90.000
87.500
96.500
116.000
129.000
132.500
157.000
157.000
152.500
153.500
140.000
157.000
148.500
144.000
126.000
116.000
124.500
91.500
92.000
75.000
71.500
64.000
58.000
51.500
43.500
48.000
42.000
38.000
49.000
39.000
41.500
37.500
38.500
37.000
43.000
44.000
36.500
36.500
33.000
39.500
28.500
39.500
37.000
37.000
33.000
34.500
32.500
39.000
49.500
42.000
36.000
35.500
47.500
42.500
43.500
39.500
42.000
44.500
33.500
43.500
43.500
37.500
41.500
40.000
43.500
38.500
43.000
39.500
39.500
47.000
43.000
49.500
39.000
41.500
38.000
47.500
46.500
45.000
43.000
51.000
50.000
46.500
48.000
54.500
48.500
51.000
44.000
44.000
42.500
36.000
52.000
38.000
47.000
40.500
38.500
39.000
34.000
47.000
42.500
35.000
43.500
55.000
44.000
49.000
44.500
72.000
56.500
69.500
88.000
89.000
101.500
104.500
114.500
117.000
130.500
126.500
125.000
126.000
144.500
129.500
117.500
109.000
110.500
103.000
104.500
95.500
85.000
84.000
61.000
66.000
58.000
53.500
43.000
52.000
39.500
45.000
42.500
34.000
31.500
33.000
30.000
36.000
40.500
35.500
36.500
34.000
29.500
37.500
27.500
38.000
39.000
36.500
36.000
36.000
43.000
42.500
33.000
41.000
41.500
24.000
35.500
35.500
31.000
29.000
42.500
32.500
28.000
35.500
31.500
39.500
27.500
33.500
28.000
34.500
34.500
35.500
30.500
34.500
37.500
30.000
30.500
35.500
36.500
29.500
37.000
37.000
25.500
37.000
36.000
36.000
32.500
39.000
37.500
41.000
43.500
32.500
39.000
42.000
44.500
40.500
37.500
36.000
39.500
41.500
35.500
32.500
33.500
42.000
27.500
41.000
33.500
30.000
38.000
30.500
40.500
33.500
33.500
41.000
34.000
37.500
30.000
33.500
38.000
28.500
36.500
39.500
43.000
31.500
31.500
36.000
45.000
38.000
32.000
41.500
37.500
33.000
39.000
35.000
38.500
34.000
39.000
38.000
34.000
34.000
31.500
34.500
35.500
35.500
39.500
44.000
37.500
38.500
40.500
41.500
45.000
44.000
48.000
43.500
35.500
34.000
51.000
43.500
40.500
46.500
32.500
48.000
40.500
41.500
39.000
51.500
37.500
37.000
42.500
36.500
32.500
39.500
29.000
40.000
37.000
41.000
32.500
39.500
34.000
36.000
32.000
32.000
33.500
33.000
33.500
42.000
44.000
45.500
32.500
36.500
30.500
33.500
31.500
33.000
39.000
28.500
38.000
26.000
29.000
41.000
42.000
36.500
36.000
38.500
40.000
40.500
30.500
34.500
33.000
36.500
46.500
32.000
38.500
39.000
34.500
39.000
34.000
36.500
41.000
39.000
33.000
39.000
43.000
39.000
33.000
41.000
42.500
36.500
34.500
34.500
41.500
34.500
46.000
39.500
42.500
43.500
44.000
51.000
45.500
46.000
52.000
42.000
53.000
42.500
51.500
47.500
46.000
53.000
48.000
46.000
40.500
43.500
44.000
43.500
37.000
35.500
40.000
40.000
31.500
43.000
39.000
41.000
33.000
35.000
39.500
36.500
33.000
32.000
30.000
39.000
35.000
41.500
45.000
41.000
38.500
43.000
37.000
39.500
36.000
36.500
35.500
38.500
38.000
37.500
37.500
37.500
36.500
38.000
40.500
45.000
37.000
40.000
39.500
32.500
40.000
37.500
39.500
40.000
46.000
42.500
41.000
47.000
40.000
51.000
41.000
44.500
41.000
41.000
43.500
42.500
44.500
46.000
46.000
45.000
54.000
40.000
40.500
49.000
41.000
54.500
46.500
51.000
55.000
53.500
51.500
67.500
60.000
59.000
63.500
67.000
67.000
78.500
67.000
77.000
71.000
67.500
85.500
64.500
68.500
61.500
65.500
77.500
77.000
78.500
71.500
85.500
69.000
75.000
91.000
78.000
97.000
103.500
96.500
91.000
81.000
92.500
74.000
88.000
80.000
79.500
88.500
85.000
80.000
79.500
80.500
80.500
71.500
71.500
62.000
67.500
64.000
69.000
71.500
66.500
54.500
76.000
60.500
67.000
74.000
69.000
63.500
65.500
66.000
75.500
65.500
66.500
69.500
66.000
64.000
69.000
67.500
62.500
55.000
65.000
64.500
57.000
56.500
60.500
64.500
64.500
62.000
42.000
45.000
44.500
44.000
48.000
58.500
41.000
51.500
54.000
45.000
49.500
44.500
53.500
40.000
50.500
63.000
49.000
64.000
53.000
63.000
62.500
62.000
87.500
83.500
80.000
73.000
76.000
83.500
73.500
84.000
75.500
89.000
78.500
82.500
69.500
72.500
69.000
67.000
68.500
53.500
62.500
63.000
51.500
54.000
51.000
49.500
38.500
45.000
48.000
42.500
32.500
42.500
44.000
40.000
34.000
41.000
42.000
45.000
45.500
38.500
41.000
45.000
34.500
40.500
51.000
42.000
39.500
35.500
40.000
38.000
49.000
41.000
31.500
35.500
33.000
41.500
38.000
44.000
37.000
39.000
48.500
40.500
50.000
39.500
39.500
44.000
40.000
41.500
42.500
47.000
42.500
36.500
46.500
47.000
43.000
42.000
37.500
46.500
41.500
46.000
46.500
47.000
42.000
41.500
54.500
45.000
46.500
45.000
39.500
56.500
43.500
52.000
43.000
45.000
49.500
48.500
49.500
45.000
42.000
43.500
37.500
50.000
51.000
50.500
50.000
37.500
46.000
45.000
55.000
45.500
51.000
46.500
40.500
59.500
56.000
52.000
55.000
67.500
61.000
56.500
57.500
51.500
47.500
60.500
60.500
52.000
49.000
50.000
57.000
47.000
55.500
48.000
40.500
40.000
40.000
49.000
50.000
50.000
39.000
36.500
33.000
50.000
29.500
36.000
35.000
40.000
40.000
32.000
34.000
41.000
41.500
34.500
45.000
36.500
32.500
41.500
36.000
37.500
34.000
35.000
38.500
35.000
35.000
41.000
36.500
33.500
44.000
40.500
32.000
44.500
39.500
46.000
39.000
32.500
43.500
37.000
46.500
37.000
23.500
43.500
40.000
25.000
41.000
39.000
42.500
52.000
42.000
37.000
43.000
39.500
42.000
49.000
38.000
39.500
39.500
40.000
44.500
46.500
63.500
52.000
52.500
45.000
49.500
48.000
51.500
53.500
55.500
63.500
62.000
64.500
60.500
52.000
54.000
63.500
55.000
57.500
54.000
67.500
51.000
55.500
53.500
46.500
58.000
42.000
53.500
49.500
56.000
52.000
51.000
56.000
58.000
45.500
58.000
51.000
63.000
64.500
59.500
60.500
62.500
62.500
62.500
63.000
71.500
75.500
64.500
71.500
59.000
63.000
61.500
69.500
73.000
60.000
60.500
61.500
65.500
68.000
57.500
54.000
51.000
54.500
53.000
48.000
40.000
41.000
47.000
36.500
40.000
47.000
40.500
41.000
39.000
40.500
52.500
38.000
35.500
40.000
37.500
35.000
46.000
45.000
44.500
38.500
43.500
37.500
52.000
40.500
45.500
43.000
50.000
55.000
