41.000
35.667
35.000
35.000
40.000
33.667
34.667
23.333
30.667
29.667
22.000
33.333
33.000
26.667
28.333
30.000
29.000
28.000
31.333
22.667
32.333
28.000
27.000
30.000
26.000
28.000
27.000
24.000
31.000
29.667
28.667
28.667
28.000
31.000
26.000
29.000
24.667
33.333
30.000
30.000
31.000
35.667
32.000
33.333
32.000
32.000
35.000
30.667
27.000
31.000
32.667
34.333
30.667
36.333
36.667
37.000
33.667
40.000
42.333
36.333
34.333
35.667
36.333
32.333
30.000
28.667
28.667
30.000
33.667
36.000
29.000
34.000
29.667
33.000
25.333
30.667
36.000
29.667
30.000
28.333
34.333
27.333
27.667
26.667
30.333
24.333
31.000
33.667
27.333
21.667
31.667
20.333
25.000
23.667
27.000
27.333
31.000
26.667
24.333
25.333
20.333
28.333
31.667
27.000
24.000
24.000
30.000
29.333
32.000
30.333
28.000
31.667
26.000
25.000
28.667
24.000
24.667
25.000
28.333
31.000
27.333
23.667
24.000
25.000
30.000
24.000
28.000
28.333
32.000
23.000
30.667
36.667
31.333
34.667
31.000
33.000
22.333
24.333
25.000
32.333
35.667
26.667
25.000
27.333
28.667
29.667
30.000
26.667
38.000
29.667
31.333
32.000
34.333
30.333
34.667
30.667
30.667
30.333
35.000
32.667
32.667
29.333
28.000
32.000
27.667
33.667
32.333
35.667
33.333
32.000
34.000
35.333
34.333
22.667
31.000
31.000
27.000
31.000
29.333
31.667
35.333
33.333
36.333
25.000
30.333
29.667
31.333
30.000
33.333
38.667
27.667
29.667
36.000
32.667
33.000
34.000
31.667
29.667
34.333
37.000
35.000
32.667
39.667
38.667
37.333
39.000
37.667
45.000
40.333
44.000
44.000
53.000
49.667
56.000
55.667
43.667
56.000
61.333
63.333
58.000
57.000
62.333
60.000
60.000
57.000
60.000
49.333
58.000
49.000
50.333
49.333
43.000
51.000
39.000
45.667
43.667
38.667
41.000
41.000
37.000
35.000
31.333
31.333
34.333
32.000
33.667
34.333
30.333
38.667
30.333
35.333
30.333
42.667
38.000
36.000
34.333
31.000
39.667
36.333
39.000
33.000
32.667
39.667
27.333
42.667
35.000
38.000
38.000
29.667
43.000
36.667
36.667
41.667
38.000
40.667
38.333
45.667
51.000
53.667
60.000
56.000
60.667
59.333
58.667
68.333
64.333
73.667
71.667
72.333
82.333
89.667
95.333
93.000
94.333
95.333
93.333
87.333
107.333
96.333
91.000
94.000
98.333
90.667
97.333
90.667
79.000
81.000
80.667
75.000
73.333
74.333
74.667
70.667
69.333
67.333
72.333
66.667
68.667
76.333
68.667
81.667
87.000
95.333
89.000
84.333
88.000
81.000
94.333
82.333
80.667
86.000
81.000
75.333
84.333
71.333
63.000
60.333
58.333
60.333
57.667
57.000
55.667
49.333
42.667
41.667
43.000
47.000
44.333
49.333
47.333
46.000
40.667
49.000
50.333
49.333
44.000
52.333
48.667
54.333
52.667
53.000
53.000
40.333
50.333
54.333
51.000
46.333
45.667
50.667
41.000
50.333
50.333
46.667
40.667
46.333
42.000
37.667
41.000
37.333
46.000
33.000
36.667
40.000
38.667
34.667
39.667
36.000
33.000
24.333
34.667
37.000
38.333
34.333
33.667
36.333
40.667
36.667
35.333
31.667
33.667
38.333
32.333
35.667
31.333
32.667
33.333
32.333
34.667
36.667
34.333
36.333
36.333
39.000
38.000
37.333
43.000
37.333
38.000
39.333
34.667
43.000
42.333
39.333
40.667
42.000
40.667
38.333
40.333
36.667
31.667
39.000
46.000
36.667
39.333
33.333
40.333
34.667
36.667
34.333
37.333
37.667
37.000
38.000
36.333
41.667
33.667
35.667
42.333
43.333
37.667
29.000
41.000
41.000
33.667
39.667
39.667
35.667
39.333
30.333
38.667
41.667
40.667
41.000
42.333
40.333
43.333
53.667
55.000
54.000
62.000
61.000
69.000
71.000
80.667
78.000
79.667
99.000
94.333
100.667
95.667
93.667
103.667
92.667
101.667
106.333
92.333
92.667
91.333
99.667
88.333
81.667
74.000
74.667
60.333
65.333
60.333
56.333
52.333
52.333
42.333
47.333
39.667
34.333
35.667
35.000
34.000
40.000
42.333
41.333
38.333
31.333
44.000
33.333
38.333
36.333
40.000
36.000
32.000
37.333
37.000
38.000
34.000
37.333
35.333
36.000
39.000
33.000
42.000
37.333
39.667
45.000
32.333
37.667
34.000
36.000
37.000
47.333
43.333
42.667
45.333
46.000
39.333
44.000
41.667
44.667
44.000
38.000
45.000
43.000
38.000
40.000
38.000
38.000
42.333
39.000
42.000
37.667
46.667
47.000
40.333
44.000
48.000
44.333
41.000
50.000
38.000
44.333
43.667
42.333
44.000
43.333
55.667
45.667
55.000
54.000
58.333
51.333
60.333
69.333
71.000
67.000
83.333
81.333
83.000
93.667
95.000
92.667
91.333
96.333
99.000
101.667
101.333
109.000
100.333
104.333
108.000
112.000
96.667
90.667
95.000
96.000
85.333
82.333
81.667
80.000
72.333
62.000
53.667
50.667
53.333
49.333
49.000
43.000
42.333
41.667
39.333
43.667
38.333
38.333
28.000
33.000
33.000
39.000
39.667
35.000
31.667
33.333
39.333
32.000
35.000
31.000
37.000
39.000
39.333
28.667
33.333
35.667
33.333
39.000
35.667
31.000
33.333
31.000
35.000
39.333
36.000
28.667
34.333
31.667
30.000
35.333
33.000
35.667
33.000
39.000
39.667
38.667
36.333
36.333
36.667
38.667
36.667
33.333
35.667
33.667
39.333
39.000
36.333
42.000
31.333
43.667
34.667
34.000
36.333
37.000
35.667
40.333
36.667
37.667
37.333
46.000
31.333
34.333
32.000
37.000
36.333
36.000
36.000
39.667
33.333
36.000
35.333
36.333
33.667
45.667
38.333
42.667
48.333
48.333
38.667
47.667
39.333
32.000
32.333
35.333
40.667
39.000
37.000
36.333
40.667
43.000
43.000
33.333
35.000
28.333
35.667
43.333
42.000
42.333
42.333
41.667
44.333
43.000
33.333
44.667
40.000
38.333
41.000
41.333
41.333
41.000
38.333
33.667
41.667
43.000
34.333
40.667
40.000
30.000
39.667
35.667
36.667
35.333
39.000
33.333
37.000
31.000
29.333
38.000
33.333
35.333
33.333
32.333
26.333
33.667
32.667
38.667
34.333
34.000
37.667
32.000
34.333
38.667
38.667
31.667
33.667
34.000
35.667
38.000
30.333
34.000
26.667
38.000
34.333
36.000
32.667
30.000
28.000
38.000
32.667
32.667
37.000
39.667
37.000
39.333
36.000
36.333
34.000
38.333
32.333
35.667
42.333
37.000
31.333
34.000
35.667
40.000
44.333
40.333
33.667
36.000
44.667
32.667
40.667
40.667
41.333
37.333
44.333
47.333
43.333
39.333
37.333
44.333
42.667
48.667
40.000
35.333
42.333
43.667
43.333
44.333
46.333
49.000
50.333
45.333
44.333
41.000
49.333
39.667
46.667
45.333
44.000
42.333
46.333
43.667
42.333
39.333
44.000
39.333
46.667
42.000
41.333
41.667
39.000
31.000
31.333
39.333
43.333
34.333
37.000
38.667
31.333
34.333
34.000
37.000
31.667
35.667
38.000
38.667
32.000
37.333
40.000
36.333
38.000
39.333
38.000
40.667
33.333
39.333
36.333
37.000
38.333
41.333
44.000
39.667
39.000
42.667
36.333
42.000
42.000
37.000
42.667
42.333
44.000
43.667
41.333
36.000
41.333
45.000
45.333
44.333
44.667
49.333
44.333
51.333
48.333
53.667
51.000
53.333
57.000
47.333
55.333
55.000
62.000
66.000
65.000
60.667
64.333
70.333
66.000
68.333
66.000
68.667
67.667
70.333
77.333
74.000
78.667
74.667
69.000
77.667
75.333
81.000
83.000
82.667
82.667
89.667
79.667
79.667
82.667
82.667
79.667
80.667
68.333
81.333
82.667
73.333
70.667
71.667
68.333
78.667
68.667
82.333
74.000
65.333
77.000
76.333
73.667
68.000
63.000
68.333
71.333
75.333
67.000
63.333
65.333
58.667
65.667
57.667
62.667
63.333
59.333
66.000
54.000
54.000
63.333
59.333
64.667
61.667
58.333
59.000
59.000
58.000
62.333
54.000
52.000
47.333
50.667
56.333
51.667
49.667
51.000
47.000
49.000
52.333
46.333
47.000
46.000
47.333
55.667
55.333
49.000
53.333
54.000
52.667
52.333
54.667
51.000
60.000
60.667
64.333
54.000
67.667
69.000
71.000
75.333
63.000
58.333
58.333
73.000
62.667
71.000
57.000
62.000
58.333
58.000
70.000
57.333
57.667
59.333
55.333
59.667
55.667
56.000
44.667
52.667
52.333
49.000
43.000
40.000
48.333
43.000
44.000
43.333
46.667
42.333
40.333
41.000
42.667
41.333
38.333
37.667
33.333
34.000
35.667
38.000
39.667
39.333
40.667
40.333
38.333
44.667
40.333
42.667
39.333
43.000
38.333
40.667
38.667
40.000
44.000
39.333
40.333
45.333
45.000
38.333
36.667
44.667
39.333
40.000
37.667
45.667
47.000
37.667
42.000
42.000
40.000
49.667
42.333
41.333
42.667
44.333
39.667
42.000
35.667
39.667
41.667
46.667
45.000
46.667
49.667
37.333
47.333
38.333
48.667
48.667
55.667
51.333
51.000
44.667
48.000
47.000
44.333
52.000
54.667
54.667
52.667
52.667
52.333
45.000
52.000
56.667
53.000
59.000
53.000
62.667
52.667
56.333
57.333
50.000
55.000
54.667
58.667
47.333
59.000
50.000
56.667
52.333
62.333
56.000
52.667
61.000
57.000
50.667
50.333
51.000
47.000
51.667
43.000
43.000
43.000
37.333
33.667
39.000
40.000
39.667
37.000
35.333
33.333
29.000
36.000
32.667
37.000
36.333
40.000
36.667
42.667
39.667
37.333
32.000
35.667
35.667
41.333
43.667
35.333
35.333
33.000
41.000
33.333
37.000
34.000
38.667
37.667
36.667
40.667
38.333
32.333
35.333
38.000
32.333
47.333
34.333
42.667
32.667
36.333
36.667
36.667
44.333
49.000
36.667
38.333
41.667
43.000
38.667
43.000
36.000
44.333
55.000
48.667
50.667
51.000
46.333
51.333
42.000
49.000
43.000
50.000
49.667
48.000
44.333
53.000
55.667
48.333
52.667
48.000
50.000
57.667
53.333
45.000
53.333
47.000
36.000
53.333
46.667
47.333
50.333
51.667
58.000
50.333
49.000
54.667
56.667
55.000
59.333
51.667
56.667
58.333
58.667
56.667
60.000
59.333
67.000
50.000
60.333
55.333
65.000
64.667
66.000
57.333
54.333
54.333
47.667
51.333
51.333
49.000
51.000
47.667
58.000
50.333
42.000
49.000
44.000
41.667
46.333
46.333
41.333
39.000
42.000
46.000
39.000
43.667
29.000
39.667
46.333
43.000
35.333
44.667
39.333
38.000
48.667
