28.000
24.000
21.000
22.000
26.000
30.000
16.000
23.000
25.000
37.000
25.000
37.000
31.000
30.000
23.000
32.000
21.000
25.000
48.000
29.000
30.000
31.000
25.000
31.000
27.000
23.000
23.000
25.000
20.000
24.000
25.000
32.000
18.000
28.000
24.000
29.000
19.000
30.000
35.000
27.000
28.000
18.000
30.000
24.000
30.000
36.000
30.000
42.000
40.000
33.000
36.000
25.000
27.000
35.000
32.000
36.000
28.000
33.000
16.000
23.000
27.000
26.000
27.000
26.000
28.000
33.000
27.000
31.000
24.000
28.000
27.000
32.000
28.000
29.000
19.000
25.000
21.000
27.000
21.000
30.000
23.000
29.000
23.000
29.000
31.000
22.000
19.000
31.000
25.000
33.000
26.000
19.000
29.000
25.000
23.000
26.000
21.000
23.000
20.000
25.000
21.000
20.000
22.000
27.000
20.000
25.000
16.000
34.000
29.000
20.000
27.000
23.000
23.000
27.000
29.000
21.000
26.000
17.000
22.000
26.000
17.000
22.000
22.000
23.000
29.000
30.000
23.000
27.000
16.000
21.000
28.000
40.000
31.000
26.000
33.000
24.000
20.000
23.000
37.000
36.000
35.000
33.000
25.000
21.000
30.000
25.000
22.000
37.000
28.000
19.000
25.000
19.000
33.000
24.000
26.000
35.000
31.000
27.000
22.000
27.000
33.000
29.000
34.000
25.000
29.000
33.000
35.000
19.000
22.000
34.000
31.000
25.000
33.000
33.000
27.000
27.000
30.000
23.000
27.000
33.000
26.000
39.000
39.000
34.000
23.000
34.000
27.000
28.000
30.000
19.000
16.000
37.000
27.000
31.000
35.000
29.000
34.000
29.000
36.000
27.000
28.000
54.000
31.000
46.000
51.000
43.000
40.000
55.000
47.000
47.000
56.000
43.000
50.000
65.000
53.000
55.000
57.000
61.000
51.000
60.000
65.000
50.000
37.000
42.000
38.000
48.000
34.000
38.000
25.000
36.000
39.000
38.000
30.000
27.000
35.000
25.000
35.000
34.000
30.000
27.000
29.000
23.000
32.000
30.000
34.000
33.000
22.000
29.000
38.000
21.000
33.000
40.000
28.000
39.000
27.000
30.000
32.000
17.000
44.000
35.000
30.000
34.000
30.000
36.000
26.000
38.000
37.000
24.000
39.000
45.000
37.000
39.000
46.000
54.000
35.000
36.000
55.000
59.000
52.000
56.000
54.000
69.000
92.000
93.000
87.000
98.000
133.000
122.000
128.000
138.000
157.000
138.000
136.000
133.000
144.000
141.000
107.000
120.000
90.000
78.000
72.000
83.000
89.000
64.000
66.000
59.000
62.000
68.000
64.000
78.000
79.000
61.000
77.000
73.000
77.000
77.000
93.000
83.000
76.000
81.000
87.000
88.000
102.000
80.000
67.000
83.000
59.000
71.000
50.000
64.000
50.000
55.000
46.000
38.000
48.000
41.000
37.000
32.000
33.000
33.000
31.000
42.000
38.000
37.000
38.000
40.000
44.000
39.000
46.000
41.000
49.000
59.000
47.000
41.000
46.000
56.000
56.000
59.000
56.000
76.000
60.000
57.000
54.000
51.000
37.000
48.000
52.000
52.000
31.000
43.000
51.000
40.000
33.000
50.000
33.000
30.000
28.000
29.000
37.000
37.000
30.000
22.000
34.000
38.000
30.000
34.000
30.000
47.000
35.000
38.000
39.000
30.000
39.000
38.000
34.000
36.000
31.000
30.000
34.000
37.000
31.000
35.000
39.000
41.000
28.000
34.000
46.000
37.000
44.000
32.000
35.000
28.000
35.000
43.000
42.000
28.000
52.000
48.000
57.000
42.000
35.000
46.000
45.000
42.000
43.000
36.000
46.000
45.000
37.000
40.000
38.000
35.000
33.000
30.000
33.000
27.000
36.000
37.000
49.000
32.000
25.000
41.000
40.000
37.000
38.000
33.000
43.000
42.000
40.000
35.000
33.000
34.000
33.000
29.000
36.000
27.000
43.000
29.000
34.000
38.000
50.000
37.000
55.000
73.000
55.000
69.000
65.000
88.000
75.000
85.000
92.000
125.000
122.000
127.000
154.000
131.000
174.000
164.000
157.000
150.000
140.000
143.000
127.000
128.000
106.000
106.000
98.000
70.000
95.000
60.000
59.000
58.000
37.000
40.000
34.000
38.000
32.000
44.000
33.000
34.000
31.000
30.000
34.000
33.000
29.000
34.000
39.000
31.000
33.000
34.000
29.000
37.000
33.000
25.000
37.000
32.000
31.000
35.000
43.000
33.000
36.000
35.000
48.000
28.000
54.000
45.000
39.000
33.000
27.000
32.000
38.000
27.000
35.000
52.000
36.000
43.000
36.000
31.000
39.000
37.000
33.000
45.000
43.000
50.000
45.000
41.000
48.000
51.000
47.000
48.000
54.000
43.000
25.000
41.000
35.000
44.000
55.000
36.000
38.000
48.000
27.000
41.000
51.000
36.000
52.000
41.000
43.000
49.000
46.000
49.000
59.000
58.000
67.000
65.000
92.000
98.000
91.000
113.000
126.000
121.000
150.000
166.000
150.000
149.000
147.000
170.000
140.000
140.000
175.000
129.000
129.000
131.000
128.000
121.000
91.000
93.000
92.000
69.000
69.000
44.000
56.000
36.000
47.000
42.000
38.000
27.000
37.000
41.000
34.000
36.000
32.000
22.000
37.000
36.000
39.000
34.000
35.000
35.000
39.000
26.000
32.000
32.000
24.000
37.000
29.000
23.000
43.000
29.000
41.000
30.000
31.000
34.000
22.000
36.000
27.000
19.000
37.000
39.000
33.000
28.000
39.000
34.000
36.000
39.000
31.000
28.000
35.000
33.000
34.000
38.000
41.000
25.000
40.000
31.000
21.000
34.000
35.000
35.000
46.000
30.000
40.000
33.000
38.000
35.000
33.000
32.000
35.000
34.000
30.000
32.000
39.000
33.000
38.000
34.000
28.000
29.000
39.000
25.000
38.000
27.000
37.000
39.000
36.000
25.000
28.000
29.000
32.000
36.000
32.000
31.000
35.000
31.000
42.000
35.000
21.000
27.000
29.000
27.000
15.000
25.000
30.000
23.000
24.000
37.000
22.000
42.000
34.000
36.000
38.000
31.000
33.000
29.000
40.000
34.000
28.000
34.000
43.000
31.000
41.000
44.000
38.000
46.000
39.000
30.000
45.000
32.000
34.000
50.000
38.000
40.000
44.000
32.000
41.000
43.000
34.000
39.000
31.000
25.000
24.000
34.000
48.000
29.000
26.000
31.000
31.000
34.000
35.000
27.000
37.000
32.000
39.000
29.000
29.000
43.000
29.000
34.000
33.000
37.000
36.000
27.000
27.000
30.000
34.000
40.000
24.000
28.000
43.000
28.000
24.000
27.000
37.000
44.000
33.000
36.000
36.000
43.000
30.000
31.000
35.000
30.000
25.000
34.000
29.000
28.000
38.000
33.000
29.000
48.000
32.000
41.000
27.000
37.000
33.000
24.000
46.000
29.000
34.000
48.000
38.000
31.000
41.000
28.000
37.000
29.000
41.000
32.000
32.000
34.000
33.000
36.000
46.000
53.000
35.000
34.000
29.000
42.000
36.000
34.000
46.000
50.000
52.000
35.000
29.000
39.000
37.000
30.000
45.000
37.000
43.000
28.000
42.000
43.000
28.000
34.000
34.000
38.000
46.000
29.000
20.000
40.000
49.000
34.000
39.000
27.000
33.000
24.000
31.000
27.000
29.000
34.000
39.000
28.000
41.000
32.000
35.000
31.000
30.000
37.000
27.000
45.000
40.000
36.000
41.000
41.000
28.000
49.000
41.000
44.000
37.000
35.000
42.000
37.000
44.000
31.000
34.000
33.000
36.000
42.000
33.000
45.000
33.000
31.000
36.000
48.000
52.000
40.000
49.000
45.000
56.000
50.000
54.000
43.000
51.000
57.000
46.000
55.000
57.000
72.000
66.000
75.000
77.000
77.000
74.000
89.000
71.000
80.000
76.000
82.000
78.000
83.000
79.000
90.000
81.000
80.000
86.000
95.000
89.000
94.000
91.000
79.000
74.000
88.000
70.000
63.000
93.000
71.000
77.000
79.000
83.000
90.000
84.000
77.000
93.000
80.000
84.000
84.000
49.000
66.000
69.000
82.000
72.000
69.000
62.000
76.000
72.000
76.000
58.000
45.000
70.000
54.000
72.000
49.000
58.000
51.000
63.000
63.000
57.000
52.000
53.000
60.000
64.000
59.000
58.000
59.000
55.000
57.000
62.000
54.000
60.000
47.000
50.000
56.000
58.000
53.000
54.000
43.000
45.000
59.000
41.000
38.000
52.000
43.000
42.000
39.000
42.000
40.000
30.000
56.000
59.000
52.000
64.000
45.000
74.000
72.000
62.000
65.000
56.000
65.000
76.000
90.000
83.000
77.000
75.000
59.000
73.000
91.000
75.000
72.000
72.000
74.000
73.000
78.000
55.000
64.000
67.000
68.000
48.000
49.000
44.000
58.000
47.000
50.000
44.000
46.000
44.000
28.000
43.000
37.000
36.000
42.000
29.000
41.000
40.000
44.000
32.000
36.000
32.000
57.000
41.000
33.000
41.000
50.000
31.000
30.000
35.000
37.000
36.000
22.000
36.000
34.000
36.000
47.000
43.000
42.000
36.000
37.000
41.000
26.000
33.000
36.000
41.000
40.000
30.000
37.000
35.000
31.000
41.000
38.000
33.000
50.000
29.000
35.000
39.000
47.000
40.000
49.000
44.000
47.000
49.000
45.000
50.000
34.000
37.000
52.000
40.000
54.000
33.000
52.000
45.000
50.000
46.000
50.000
37.000
42.000
38.000
48.000
45.000
32.000
54.000
62.000
52.000
47.000
35.000
46.000
70.000
58.000
38.000
63.000
54.000
45.000
48.000
55.000
59.000
63.000
63.000
77.000
50.000
73.000
56.000
57.000
49.000
55.000
39.000
51.000
52.000
36.000
46.000
36.000
40.000
43.000
31.000
43.000
42.000
50.000
33.000
34.000
44.000
33.000
44.000
33.000
38.000
25.000
36.000
33.000
35.000
27.000
34.000
37.000
35.000
41.000
32.000
47.000
39.000
34.000
17.000
38.000
37.000
45.000
34.000
44.000
46.000
45.000
30.000
34.000
28.000
38.000
39.000
42.000
39.000
56.000
44.000
35.000
36.000
30.000
41.000
24.000
35.000
40.000
40.000
35.000
40.000
36.000
36.000
44.000
27.000
33.000
47.000
29.000
38.000
34.000
33.000
49.000
50.000
50.000
49.000
49.000
50.000
47.000
38.000
45.000
45.000
56.000
51.000
49.000
50.000
54.000
64.000
56.000
66.000
60.000
49.000
56.000
55.000
42.000
59.000
60.000
61.000
51.000
57.000
58.000
55.000
43.000
51.000
47.000
55.000
70.000
50.000
72.000
50.000
67.000
59.000
58.000
65.000
66.000
70.000
71.000
59.000
62.000
62.000
64.000
66.000
59.000
58.000
71.000
56.000
55.000
60.000
66.000
59.000
59.000
53.000
54.000
48.000
49.000
48.000
42.000
43.000
54.000
51.000
46.000
35.000
37.000
38.000
38.000
40.000
31.000
41.000
38.000
39.000
37.000
32.000
47.000
39.000
37.000
43.000
46.000
45.000
37.000
36.000
50.000
