34.250
45.000
46.250
44.250
38.500
33.000
36.000
39.250
41.000
35.000
35.750
29.000
27.500
25.250
30.250
30.000
27.750
28.750
29.750
26.750
30.000
33.500
23.250
23.500
28.000
26.250
26.250
25.500
26.750
26.500
27.500
20.000
26.250
25.500
22.000
28.500
25.250
24.250
29.250
25.000
24.250
26.500
28.750
29.250
32.000
27.500
31.000
32.250
35.500
31.500
28.750
28.500
29.500
34.000
37.750
31.500
28.750
40.500
41.750
34.000
37.500
34.500
35.250
29.000
32.000
34.250
31.750
34.750
31.500
28.750
30.750
26.000
26.250
24.500
29.250
26.000
26.000
24.000
26.500
28.500
32.750
27.250
27.500
22.500
30.250
28.750
28.500
27.000
22.500
20.500
22.000
26.000
25.750
22.750
27.250
24.500
25.500
22.500
31.250
23.750
22.250
22.250
26.000
27.750
22.000
25.250
27.750
25.000
25.250
25.500
27.250
24.000
20.000
22.250
24.500
24.500
23.500
24.250
25.500
25.000
24.000
23.250
29.500
23.750
25.500
25.750
27.000
22.750
29.750
26.750
22.250
26.500
22.250
26.750
24.750
26.250
28.250
26.500
26.250
28.500
29.500
23.000
24.750
22.000
24.000
23.250
21.750
27.750
24.250
25.750
26.750
25.750
25.250
27.250
28.250
34.000
28.250
29.000
23.750
30.750
25.000
27.500
25.250
32.000
28.500
28.250
26.000
21.000
28.250
30.250
28.500
31.500
29.750
31.500
29.500
28.750
27.250
26.750
30.750
33.000
23.500
27.250
31.750
30.000
28.500
29.250
24.750
27.500
34.750
34.750
32.250
26.000
28.500
24.750
28.000
27.250
27.000
30.750
27.750
32.250
34.250
29.250
33.000
30.250
36.250
37.000
37.250
34.250
40.000
36.750
42.250
43.250
41.500
46.750
48.000
50.500
49.250
51.000
57.250
66.500
59.000
80.000
74.750
72.500
79.750
66.750
79.250
73.500
61.750
69.250
64.750
56.750
56.000
50.250
42.750
37.250
36.250
34.250
40.000
30.750
28.000
29.750
32.000
34.000
29.750
24.500
31.000
31.000
29.000
31.250
29.250
31.750
30.500
30.750
28.250
24.500
30.750
31.000
32.000
33.750
38.750
32.250
29.750
32.750
38.500
31.500
28.000
31.500
31.250
28.000
32.500
27.750
28.250
35.750
37.750
36.250
33.000
44.250
37.500
35.000
47.750
41.250
46.000
56.750
55.750
60.500
64.000
63.000
86.750
88.000
84.250
94.250
101.500
113.000
108.750
126.250
130.750
130.500
141.250
147.750
159.500
154.250
148.000
148.500
141.750
130.750
120.250
114.000
98.750
94.000
83.250
72.250
65.000
66.750
64.250
70.500
67.000
76.250
62.750
74.250
82.750
93.500
88.250
93.500
106.000
107.000
115.500
117.000
124.000
109.500
119.750
110.000
109.250
101.000
97.500
88.250
78.000
73.750
60.250
54.750
51.000
45.500
46.250
40.750
35.250
37.750
38.750
36.000
40.750
38.000
43.500
39.500
38.000
40.750
42.000
44.750
42.750
40.250
44.750
45.750
53.750
52.000
55.250
65.000
55.250
61.250
57.250
61.500
68.750
64.250
59.250
56.250
62.250
53.250
52.000
46.000
48.250
43.000
41.250
33.500
34.750
37.500
32.250
33.250
32.750
33.750
30.750
30.750
32.500
31.000
28.750
34.250
27.750
31.000
28.000
34.750
33.750
27.250
32.750
30.250
33.500
35.000
26.750
33.250
25.750
34.250
33.750
25.500
27.500
35.500
31.500
29.000
35.000
30.750
27.250
36.250
34.250
34.000
33.500
31.250
38.000
36.750
39.000
35.000
38.000
35.250
38.500
32.750
32.500
34.250
33.000
37.500
34.000
33.750
39.000
34.250
32.750
38.500
41.500
32.250
30.750
35.250
31.500
36.750
34.250
32.250
29.500
33.500
33.000
38.500
35.250
37.750
33.000
25.000
38.000
31.500
38.250
36.000
35.250
31.500
34.500
35.250
35.000
39.250
41.750
37.500
42.750
40.000
44.750
46.750
50.000
56.250
62.000
59.750
68.250
72.000
83.000
88.750
102.750
108.000
114.000
126.250
142.250
146.000
161.250
159.250
163.250
159.500
168.750
176.000
164.500
122.750
126.750
126.000
111.500
98.000
81.000
69.000
60.500
52.000
48.500
42.750
36.250
38.750
35.750
38.250
35.000
28.250
35.500
31.250
32.000
38.250
33.500
32.750
32.500
38.250
36.500
30.750
31.000
32.000
34.750
33.500
37.500
35.750
28.000
32.750
36.500
34.750
34.000
34.500
41.250
38.500
33.500
31.250
35.000
36.750
34.500
36.750
41.750
35.000
34.750
36.750
36.250
40.250
40.000
34.750
37.500
43.750
39.750
41.250
43.750
50.000
43.250
46.500
45.750
44.500
44.750
49.750
42.750
40.250
39.500
36.250
45.250
43.500
43.250
39.000
43.250
43.000
35.000
37.250
34.500
39.000
39.000
42.250
42.750
39.750
36.000
46.250
45.000
42.750
50.250
52.500
62.250
62.750
71.500
74.000
82.250
85.750
96.000
100.750
116.000
117.500
125.250
131.000
137.250
141.000
133.250
148.500
158.750
135.500
130.500
127.250
109.000
106.750
103.500
101.000
89.000
74.500
68.000
56.250
50.750
49.500
43.250
38.750
42.500
35.250
34.250
35.000
31.250
35.500
32.750
35.000
37.750
35.750
33.250
29.250
27.250
33.500
32.250
33.000
34.750
28.500
32.750
34.500
33.750
34.750
35.500
34.750
33.250
37.250
33.250
33.000
31.500
34.500
36.000
34.250
31.000
35.500
35.500
36.000
32.500
36.250
31.500
39.750
36.250
35.750
32.750
34.000
34.500
33.750
38.500
40.000
36.750
34.250
40.000
33.000
36.000
40.500
42.750
37.000
36.000
40.250
43.000
31.500
39.250
45.000
40.000
34.500
34.500
37.750
40.750
31.500
33.500
30.500
33.750
33.750
25.750
29.000
33.500
32.000
36.250
33.250
28.250
33.250
32.000
31.000
32.000
34.500
31.750
32.000
29.000
27.500
33.250
28.750
33.250
32.750
36.500
28.000
30.000
35.000
31.500
36.750
30.250
31.500
31.000
37.000
33.500
32.500
26.750
32.500
36.500
36.000
36.000
38.750
37.750
38.500
36.500
42.000
36.500
38.250
43.000
39.250
41.750
43.000
43.750
43.750
40.500
41.500
42.500
47.000
40.750
36.750
33.500
32.750
39.750
34.500
33.500
30.500
35.250
29.250
29.250
27.500
30.250
31.750
31.500
32.500
30.500
32.750
31.500
34.250
33.250
29.500
33.500
35.250
33.250
31.500
33.500
37.000
27.250
33.750
31.500
30.750
36.250
35.000
35.750
29.750
29.000
28.250
34.500
36.250
33.250
34.000
40.750
37.500
32.750
28.000
29.500
30.750
35.500
34.500
29.500
30.750
31.000
37.000
36.750
40.500
36.250
34.500
34.000
32.500
31.250
39.500
35.750
31.000
33.750
37.250
37.500
36.750
35.750
30.750
42.500
34.750
38.250
39.500
39.500
37.500
37.750
43.500
46.000
38.250
42.000
47.500
51.500
46.000
49.250
51.000
44.500
47.500
44.000
47.250
41.750
46.250
43.750
41.750
42.500
46.250
41.000
35.500
35.750
38.250
32.500
37.000
34.000
33.000
35.000
39.250
31.000
32.500
31.000
41.750
35.500
35.250
33.500
34.500
33.750
36.000
32.500
35.000
32.250
37.000
34.750
37.000
30.000
32.750
37.000
40.250
37.500
36.000
34.750
32.750
28.750
34.250
31.500
36.000
36.250
36.000
33.750
36.500
35.000
33.750
36.500
36.500
38.250
30.500
38.750
39.750
39.000
41.750
43.750
37.250
40.250
43.000
39.250
42.500
37.750
46.750
44.750
43.750
49.250
53.500
44.250
50.250
51.000
55.750
54.500
57.500
63.750
60.250
61.750
62.750
66.500
63.250
76.000
62.750
70.750
75.750
72.250
74.250
77.750
67.750
78.250
70.000
78.250
75.250
80.750
74.750
90.000
79.500
75.750
75.750
78.500
78.000
90.000
83.000
83.500
88.000
86.750
88.250
84.250
80.250
87.500
86.000
82.250
75.250
81.000
72.250
68.750
67.000
69.000
66.000
63.250
67.000
67.750
56.750
58.000
59.250
64.750
62.500
69.000
66.750
60.750
64.500
62.250
63.250
62.500
65.250
57.000
60.250
67.250
57.250
64.250
61.000
55.250
58.750
58.000
55.750
53.500
62.000
57.500
57.250
55.000
41.750
47.000
48.750
48.250
50.250
43.250
44.250
45.500
41.000
48.250
44.750
46.250
47.250
42.750
42.000
49.250
53.000
45.000
47.750
55.750
60.500
67.750
60.750
66.750
75.750
72.000
77.500
83.250
81.000
80.500
77.250
89.500
86.000
91.250
80.250
82.000
84.500
69.750
76.250
70.500
71.500
61.250
61.000
61.250
60.500
53.250
49.000
43.500
46.250
46.250
43.250
40.000
40.750
38.500
46.250
42.500
41.250
42.500
35.500
39.000
37.750
35.500
33.500
37.000
39.250
34.250
40.250
40.250
34.000
42.250
38.000
41.000
40.750
43.250
33.250
34.750
38.250
36.000
33.750
39.500
39.750
32.250
33.750
34.250
37.250
35.250
37.000
35.000
41.250
35.250
32.750
36.500
35.750
39.250
41.250
36.250
42.250
37.750
38.500
42.500
44.250
50.500
39.750
42.000
41.250
44.500
48.000
42.500
45.500
47.000
47.500
51.000
40.000
48.250
51.250
45.000
53.000
44.250
50.000
49.500
48.000
51.750
57.750
51.500
48.750
53.000
55.000
47.500
50.750
49.000
44.250
58.250
54.500
47.750
50.250
59.250
60.250
56.000
57.250
76.000
65.500
65.500
68.000
72.500
62.500
65.750
59.250
59.250
66.750
67.750
60.000
63.750
60.250
55.750
52.000
47.250
45.750
47.000
45.750
41.250
46.750
44.500
33.250
37.000
37.000
39.000
39.000
35.250
36.500
38.000
36.250
37.750
35.250
35.500
37.250
32.000
33.000
35.500
30.000
33.250
36.750
35.000
32.750
35.500
40.000
32.500
37.000
36.000
38.000
36.000
35.000
35.750
33.000
35.000
32.250
33.250
33.500
33.750
33.750
36.750
37.250
33.000
32.750
37.500
33.750
34.000
36.250
32.750
36.500
34.000
39.000
37.250
41.250
39.000
37.500
39.250
41.750
40.750
45.000
39.250
37.000
42.750
47.500
45.250
47.000
50.000
43.000
47.750
50.750
54.250
53.250
52.250
48.250
52.250
61.750
63.750
53.000
55.000
54.500
53.750
60.250
58.000
56.250
60.000
55.000
53.250
51.000
43.750
50.250
47.750
53.000
53.250
53.250
48.750
50.500
48.000
59.250
53.500
53.250
55.750
67.000
61.750
63.250
63.000
61.250
63.000
68.750
71.500
76.500
75.750
71.000
72.500
64.250
79.500
71.250
62.000
62.250
58.000
64.250
55.000
58.250
53.750
42.750
45.750
44.250
49.250
46.250
44.250
40.750
35.500
39.750
38.750
35.750
39.500
38.000
38.500
41.250
43.750
37.000
