34.000
24.000
23.000
27.000
22.000
29.000
23.000
30.000
18.000
20.000
21.000
32.000
27.000
31.000
21.000
18.000
17.000
25.000
35.000
28.000
35.000
33.000
22.000
24.000
17.000
35.000
37.000
31.000
32.000
25.000
29.000
20.000
37.000
23.000
49.000
28.000
26.000
28.000
32.000
29.000
32.000
24.000
29.000
27.000
36.000
35.000
18.000
43.000
32.000
39.000
42.000
29.000
31.000
32.000
25.000
28.000
27.000
27.000
22.000
29.000
28.000
33.000
33.000
34.000
27.000
36.000
27.000
20.000
36.000
33.000
24.000
35.000
31.000
25.000
29.000
40.000
28.000
24.000
22.000
31.000
25.000
32.000
25.000
26.000
16.000
27.000
28.000
24.000
24.000
27.000
21.000
29.000
26.000
25.000
16.000
26.000
28.000
24.000
36.000
39.000
28.000
22.000
29.000
29.000
27.000
28.000
30.000
24.000
29.000
22.000
36.000
19.000
30.000
32.000
35.000
28.000
34.000
28.000
32.000
34.000
29.000
25.000
27.000
27.000
24.000
27.000
23.000
29.000
32.000
28.000
22.000
35.000
23.000
29.000
33.000
34.000
22.000
34.000
19.000
30.000
29.000
33.000
26.000
18.000
26.000
33.000
33.000
20.000
28.000
27.000
27.000
32.000
32.000
25.000
30.000
28.000
24.000
32.000
35.000
29.000
34.000
34.000
28.000
34.000
25.000
40.000
30.000
32.000
36.000
32.000
20.000
31.000
26.000
28.000
24.000
35.000
27.000
38.000
26.000
29.000
32.000
35.000
25.000
39.000
26.000
32.000
25.000
33.000
33.000
26.000
26.000
35.000
28.000
25.000
23.000
28.000
39.000
31.000
29.000
36.000
39.000
36.000
34.000
45.000
36.000
38.000
39.000
47.000
33.000
52.000
52.000
51.000
52.000
56.000
54.000
64.000
49.000
35.000
43.000
41.000
38.000
41.000
37.000
36.000
27.000
30.000
40.000
38.000
30.000
25.000
33.000
25.000
26.000
38.000
36.000
28.000
27.000
35.000
25.000
27.000
21.000
25.000
24.000
36.000
37.000
36.000
36.000
32.000
28.000
36.000
32.000
31.000
42.000
27.000
28.000
42.000
35.000
39.000
29.000
33.000
25.000
29.000
35.000
27.000
47.000
31.000
34.000
40.000
33.000
34.000
45.000
45.000
44.000
48.000
36.000
45.000
56.000
65.000
68.000
73.000
77.000
84.000
76.000
90.000
94.000
125.000
119.000
133.000
133.000
145.000
141.000
139.000
127.000
105.000
125.000
115.000
116.000
105.000
91.000
92.000
64.000
63.000
64.000
49.000
41.000
56.000
56.000
71.000
48.000
47.000
77.000
82.000
75.000
67.000
69.000
81.000
64.000
95.000
83.000
91.000
75.000
68.000
75.000
61.000
71.000
55.000
54.000
41.000
42.000
52.000
43.000
47.000
34.000
39.000
36.000
39.000
34.000
37.000
42.000
28.000
36.000
47.000
44.000
39.000
48.000
49.000
46.000
47.000
45.000
43.000
42.000
57.000
42.000
52.000
48.000
50.000
68.000
59.000
66.000
62.000
62.000
54.000
52.000
39.000
59.000
51.000
45.000
43.000
37.000
35.000
40.000
50.000
27.000
28.000
23.000
27.000
30.000
31.000
30.000
24.000
24.000
38.000
23.000
33.000
28.000
40.000
26.000
37.000
33.000
31.000
38.000
37.000
30.000
26.000
38.000
40.000
31.000
30.000
33.000
32.000
32.000
36.000
35.000
37.000
38.000
34.000
23.000
38.000
33.000
37.000
36.000
34.000
46.000
32.000
28.000
43.000
41.000
47.000
44.000
44.000
42.000
44.000
44.000
31.000
33.000
27.000
45.000
39.000
37.000
35.000
35.000
33.000
36.000
39.000
35.000
40.000
35.000
29.000
27.000
34.000
37.000
34.000
41.000
34.000
36.000
27.000
38.000
34.000
33.000
28.000
36.000
37.000
32.000
30.000
33.000
44.000
42.000
50.000
35.000
42.000
35.000
43.000
56.000
54.000
70.000
63.000
74.000
87.000
90.000
112.000
128.000
124.000
127.000
147.000
125.000
169.000
119.000
156.000
175.000
141.000
148.000
150.000
116.000
86.000
84.000
78.000
68.000
58.000
45.000
43.000
32.000
39.000
39.000
48.000
30.000
34.000
32.000
35.000
31.000
25.000
29.000
34.000
27.000
35.000
36.000
32.000
29.000
44.000
39.000
26.000
41.000
36.000
35.000
37.000
29.000
32.000
32.000
42.000
28.000
40.000
37.000
33.000
45.000
28.000
34.000
38.000
34.000
38.000
36.000
33.000
45.000
30.000
23.000
41.000
45.000
31.000
45.000
44.000
31.000
38.000
45.000
42.000
38.000
45.000
45.000
46.000
43.000
40.000
38.000
42.000
35.000
34.000
33.000
50.000
27.000
43.000
35.000
38.000
45.000
45.000
32.000
37.000
47.000
51.000
34.000
38.000
39.000
40.000
41.000
42.000
51.000
48.000
54.000
61.000
59.000
55.000
51.000
77.000
76.000
85.000
90.000
92.000
106.000
104.000
111.000
105.000
93.000
68.000
96.000
87.000
79.000
82.000
77.000
69.000
46.000
47.000
51.000
54.000
45.000
47.000
42.000
32.000
38.000
37.000
38.000
40.000
33.000
34.000
37.000
34.000
29.000
24.000
35.000
41.000
45.000
28.000
23.000
32.000
31.000
26.000
33.000
31.000
31.000
28.000
31.000
24.000
33.000
37.000
33.000
27.000
43.000
34.000
30.000
39.000
35.000
31.000
29.000
30.000
35.000
35.000
38.000
26.000
29.000
31.000
23.000
38.000
35.000
35.000
32.000
40.000
42.000
33.000
40.000
31.000
38.000
23.000
50.000
35.000
35.000
34.000
38.000
35.000
48.000
33.000
24.000
38.000
36.000
32.000
35.000
40.000
34.000
36.000
33.000
39.000
32.000
38.000
45.000
35.000
46.000
28.000
28.000
36.000
32.000
32.000
39.000
43.000
42.000
41.000
43.000
28.000
35.000
20.000
32.000
37.000
36.000
22.000
34.000
35.000
40.000
19.000
34.000
32.000
35.000
32.000
32.000
33.000
32.000
36.000
45.000
36.000
43.000
38.000
42.000
41.000
27.000
28.000
34.000
33.000
47.000
43.000
40.000
45.000
42.000
48.000
44.000
40.000
46.000
36.000
38.000
35.000
38.000
44.000
41.000
36.000
38.000
38.000
40.000
40.000
31.000
34.000
40.000
39.000
38.000
41.000
34.000
37.000
26.000
34.000
30.000
35.000
31.000
28.000
45.000
33.000
37.000
32.000
39.000
29.000
30.000
43.000
28.000
38.000
23.000
33.000
35.000
29.000
37.000
33.000
42.000
30.000
31.000
51.000
39.000
38.000
43.000
35.000
39.000
38.000
36.000
33.000
37.000
44.000
43.000
40.000
43.000
42.000
24.000
33.000
23.000
46.000
31.000
46.000
39.000
37.000
39.000
34.000
25.000
29.000
33.000
44.000
34.000
34.000
32.000
41.000
40.000
46.000
41.000
37.000
44.000
50.000
38.000
63.000
53.000
32.000
54.000
39.000
36.000
36.000
42.000
36.000
40.000
41.000
37.000
34.000
40.000
30.000
42.000
40.000
30.000
30.000
43.000
30.000
34.000
36.000
39.000
34.000
25.000
31.000
40.000
29.000
30.000
33.000
35.000
45.000
36.000
44.000
26.000
33.000
40.000
38.000
42.000
26.000
45.000
34.000
45.000
44.000
39.000
47.000
40.000
35.000
40.000
34.000
41.000
44.000
34.000
46.000
46.000
35.000
34.000
41.000
44.000
45.000
32.000
44.000
53.000
38.000
30.000
37.000
31.000
49.000
40.000
58.000
34.000
41.000
49.000
42.000
44.000
40.000
40.000
47.000
35.000
51.000
55.000
45.000
45.000
53.000
48.000
48.000
56.000
58.000
63.000
64.000
63.000
51.000
62.000
68.000
77.000
56.000
76.000
61.000
60.000
58.000
57.000
49.000
54.000
66.000
68.000
83.000
61.000
93.000
82.000
77.000
96.000
91.000
88.000
102.000
88.000
114.000
85.000
93.000
92.000
74.000
93.000
81.000
83.000
91.000
50.000
64.000
64.000
62.000
62.000
66.000
55.000
62.000
48.000
55.000
59.000
54.000
56.000
49.000
55.000
56.000
45.000
56.000
57.000
56.000
71.000
47.000
62.000
67.000
56.000
51.000
62.000
67.000
63.000
53.000
62.000
65.000
57.000
64.000
49.000
51.000
46.000
45.000
47.000
35.000
47.000
42.000
48.000
47.000
44.000
47.000
38.000
46.000
40.000
47.000
38.000
39.000
46.000
55.000
58.000
52.000
59.000
72.000
72.000
66.000
79.000
86.000
91.000
97.000
103.000
92.000
72.000
106.000
82.000
99.000
79.000
90.000
80.000
51.000
60.000
64.000
55.000
48.000
42.000
49.000
37.000
52.000
46.000
43.000
50.000
49.000
34.000
47.000
28.000
40.000
38.000
46.000
42.000
35.000
38.000
44.000
35.000
29.000
39.000
31.000
39.000
39.000
46.000
51.000
36.000
49.000
36.000
36.000
31.000
42.000
35.000
36.000
33.000
41.000
40.000
39.000
37.000
33.000
40.000
37.000
42.000
31.000
37.000
40.000
56.000
34.000
40.000
43.000
40.000
38.000
34.000
33.000
37.000
48.000
33.000
48.000
46.000
41.000
39.000
40.000
32.000
33.000
54.000
43.000
42.000
42.000
55.000
43.000
58.000
43.000
47.000
42.000
45.000
34.000
34.000
41.000
48.000
46.000
48.000
40.000
42.000
37.000
39.000
55.000
52.000
35.000
53.000
48.000
46.000
69.000
52.000
41.000
47.000
58.000
40.000
54.000
55.000
54.000
53.000
61.000
49.000
64.000
44.000
47.000
56.000
45.000
41.000
38.000
39.000
32.000
32.000
40.000
37.000
20.000
39.000
34.000
33.000
45.000
25.000
33.000
30.000
35.000
26.000
33.000
34.000
39.000
23.000
28.000
36.000
38.000
31.000
40.000
31.000
40.000
31.000
34.000
24.000
39.000
40.000
37.000
32.000
31.000
37.000
39.000
26.000
31.000
29.000
40.000
30.000
32.000
44.000
32.000
40.000
38.000
37.000
39.000
28.000
28.000
40.000
45.000
38.000
50.000
31.000
28.000
37.000
40.000
39.000
30.000
37.000
39.000
48.000
33.000
46.000
44.000
26.000
45.000
32.000
48.000
53.000
39.000
60.000
59.000
43.000
73.000
60.000
66.000
54.000
65.000
55.000
66.000
82.000
57.000
65.000
66.000
63.000
75.000
65.000
58.000
50.000
52.000
53.000
44.000
55.000
34.000
41.000
42.000
53.000
36.000
35.000
48.000
61.000
55.000
58.000
66.000
55.000
63.000
62.000
70.000
63.000
66.000
90.000
82.000
73.000
84.000
73.000
78.000
68.000
69.000
56.000
69.000
69.000
66.000
53.000
54.000
56.000
56.000
57.000
42.000
49.000
38.000
39.000
36.000
37.000
41.000
40.000
42.000
43.000
39.000
38.000
46.000
41.000
42.000
32.000
41.000
40.000
41.000
30.000
37.000
51.000
36.000
41.000
50.000
34.000
54.000
