19.931 41.000
19.951 35.667
19.971 35.000
19.991 35.000
20.011 40.000
20.031 33.667
20.051 34.667
20.071 23.333
20.091 30.667
20.111 29.667
20.132 22.000
20.152 33.333
20.172 33.000
20.192 26.667
20.212 28.333
20.232 30.000
20.253 29.000
20.273 28.000
20.293 31.333
20.313 22.667
20.333 32.333
20.354 28.000
20.374 27.000
20.394 30.000
20.415 26.000
20.435 28.000
20.455 27.000
20.476 24.000
20.496 31.000
20.516 29.667
20.537 28.667
20.557 28.667
20.578 28.000
20.598 31.000
20.619 26.000
20.639 29.000
20.660 24.667
20.680 33.333
20.701 30.000
20.721 30.000
20.742 31.000
20.762 35.667
20.783 32.000
20.803 33.333
20.824 32.000
20.845 32.000
20.865 35.000
20.886 30.667
20.907 27.000
20.927 31.000
20.948 32.667
20.969 34.333
20.989 30.667
21.010 36.333
21.031 36.667
21.052 37.000
21.073 33.667
21.093 40.000
21.114 42.333
21.135 36.333
21.156 34.333
21.177 35.667
21.198 36.333
21.218 32.333
21.239 30.000
21.260 28.667
21.281 28.667
21.302 30.000
21.323 33.667
21.344 36.000
21.365 29.000
21.386 34.000
21.407 29.667
21.428 33.000
21.449 25.333
21.470 30.667
21.491 36.000
21.512 29.667
21.533 30.000
21.555 28.333
21.576 34.333
21.597 27.333
21.618 27.667
21.639 26.667
21.660 30.333
21.682 24.333
21.703 31.000
21.724 33.667
21.745 27.333
21.766 21.667
21.788 31.667
21.809 20.333
21.830 25.000
21.852 23.667
21.873 27.000
21.894 27.333
21.916 31.000
21.937 26.667
21.958 24.333
21.980 25.333
22.001 20.333
22.023 28.333
22.044 31.667
22.065 27.000
22.087 24.000
22.108 24.000
22.130 30.000
22.151 29.333
22.173 32.000
22.194 30.333
22.216 28.000
22.238 31.667
22.259 26.000
22.281 25.000
22.302 28.667
22.324 24.000
22.346 24.667
22.367 25.000
22.389 28.333
22.410 31.000
22.432 27.333
22.454 23.667
22.476 24.000
22.497 25.000
22.519 30.000
22.541 24.000
22.563 28.000
22.584 28.333
22.606 32.000
22.628 23.000
22.650 30.667
22.672 36.667
22.693 31.333
22.715 34.667
22.737 31.000
22.759 33.000
22.781 22.333
22.803 24.333
22.825 25.000
22.847 32.333
22.869 35.667
22.891 26.667
22.913 25.000
22.935 27.333
22.957 28.667
22.979 29.667
23.001 30.000
23.023 26.667
23.045 38.000
23.067 29.667
23.089 31.333
23.111 32.000
23.133 34.333
23.155 30.333
23.177 34.667
23.199 30.667
23.222 30.667
23.244 30.333
23.266 35.000
23.288 32.667
23.310 32.667
23.333 29.333
23.355 28.000
23.377 32.000
23.399 27.667
23.422 33.667
23.444 32.333
23.466 35.667
23.489 33.333
23.511 32.000
23.533 34.000
23.556 35.333
23.578 34.333
23.600 22.667
23.623 31.000
23.645 31.000
23.668 27.000
23.690 31.000
23.713 29.333
23.735 31.667
23.757 35.333
23.780 33.333
23.802 36.333
23.825 25.000
23.848 30.333
23.870 29.667
23.893 31.333
23.915 30.000
23.938 33.333
23.960 38.667
23.983 27.667
24.006 29.667
24.028 36.000
24.051 32.667
24.073 33.000
24.096 34.000
24.119 31.667
24.142 29.667
24.164 34.333
24.187 37.000
24.210 35.000
24.232 32.667
24.255 39.667
24.278 38.667
24.301 37.333
24.324 39.000
24.346 37.667
24.369 45.000
24.392 40.333
24.415 44.000
24.438 44.000
24.461 53.000
24.483 49.667
24.506 56.000
24.529 55.667
24.552 43.667
24.575 56.000
24.598 61.333
24.621 63.333
24.644 58.000
24.667 57.000
24.690 62.333
24.713 60.000
24.736 60.000
24.759 57.000
24.782 60.000
24.805 49.333
24.828 58.000
24.851 49.000
24.874 50.333
24.897 49.333
24.921 43.000
24.944 51.000
24.967 39.000
24.990 45.667
25.013 43.667
25.036 38.667
25.060 41.000
25.083 41.000
25.106 37.000
25.129 35.000
25.152 31.333
25.176 31.333
25.199 34.333
25.222 32.000
25.245 33.667
25.269 34.333
25.292 30.333
25.315 38.667
25.339 30.333
25.362 35.333
25.385 30.333
25.409 42.667
25.432 38.000
25.456 36.000
25.479 34.333
25.502 31.000
25.526 39.667
25.549 36.333
25.573 39.000
25.596 33.000
25.620 32.667
25.643 39.667
25.667 27.333
25.690 42.667
25.714 35.000
25.737 38.000
25.761 38.000
25.784 29.667
25.808 43.000
25.832 36.667
25.855 36.667
25.879 41.667
25.902 38.000
25.926 40.667
25.950 38.333
25.973 45.667
25.997 51.000
26.021 53.667
26.044 60.000
26.068 56.000
26.092 60.667
26.115 59.333
26.139 58.667
26.163 68.333
26.187 64.333
26.211 73.667
26.234 71.667
26.258 72.333
26.282 82.333
26.306 89.667
26.330 95.333
26.353 93.000
26.377 94.333
26.401 95.333
26.425 93.333
26.449 87.333
26.473 107.333
26.497 96.333
26.521 91.000
26.545 94.000
26.568 98.333
26.592 90.667
26.616 97.333
26.640 90.667
26.664 79.000
26.688 81.000
26.712 80.667
26.736 75.000
26.760 73.333
26.784 74.333
26.809 74.667
26.833 70.667
26.857 69.333
26.881 67.333
26.905 72.333
26.929 66.667
26.953 68.667
26.977 76.333
27.001 68.667
27.026 81.667
27.050 87.000
27.074 95.333
27.098 89.000
27.122 84.333
27.147 88.000
27.171 81.000
27.195 94.333
27.219 82.333
27.244 80.667
27.268 86.000
27.292 81.000
27.316 75.333
27.341 84.333
27.365 71.333
27.389 63.000
27.414 60.333
27.438 58.333
27.462 60.333
27.487 57.667
27.511 57.000
27.535 55.667
27.560 49.333
27.584 42.667
27.609 41.667
27.633 43.000
27.658 47.000
27.682 44.333
27.707 49.333
27.731 47.333
27.755 46.000
27.780 40.667
27.805 49.000
27.829 50.333
27.854 49.333
27.878 44.000
27.903 52.333
27.927 48.667
27.952 54.333
27.976 52.667
28.001 53.000
28.026 53.000
28.050 40.333
28.075 50.333
28.099 54.333
28.124 51.000
28.149 46.333
28.173 45.667
28.198 50.667
28.223 41.000
28.248 50.333
28.272 50.333
28.297 46.667
28.322 40.667
28.346 46.333
28.371 42.000
28.396 37.667
28.421 41.000
28.446 37.333
28.470 46.000
28.495 33.000
28.520 36.667
28.545 40.000
28.570 38.667
28.594 34.667
28.619 39.667
28.644 36.000
28.669 33.000
28.694 24.333
28.719 34.667
28.744 37.000
28.769 38.333
28.794 34.333
28.819 33.667
28.844 36.333
28.868 40.667
28.893 36.667
28.918 35.333
28.943 31.667
28.968 33.667
28.993 38.333
29.018 32.333
29.044 35.667
29.069 31.333
29.094 32.667
29.119 33.333
29.144 32.333
29.169 34.667
29.194 36.667
29.219 34.333
29.244 36.333
29.269 36.333
29.294 39.000
29.320 38.000
29.345 37.333
29.370 43.000
29.395 37.333
29.420 38.000
29.445 39.333
29.471 34.667
29.496 43.000
29.521 42.333
29.546 39.333
29.572 40.667
29.597 42.000
29.622 40.667
29.647 38.333
29.673 40.333
29.698 36.667
29.723 31.667
29.749 39.000
29.774 46.000
29.799 36.667
29.825 39.333
29.850 33.333
29.875 40.333
29.901 34.667
29.926 36.667
29.951 34.333
29.977 37.333
30.002 37.667
30.028 37.000
30.053 38.000
30.078 36.333
30.104 41.667
30.129 33.667
30.155 35.667
30.180 42.333
30.206 43.333
30.231 37.667
30.257 29.000
30.282 41.000
30.308 41.000
30.333 33.667
30.359 39.667
30.385 39.667
30.410 35.667
30.436 39.333
30.461 30.333
30.487 38.667
30.512 41.667
30.538 40.667
30.564 41.000
30.589 42.333
30.615 40.333
30.641 43.333
30.666 53.667
30.692 55.000
30.718 54.000
30.743 62.000
30.769 61.000
30.795 69.000
30.820 71.000
30.846 80.667
30.872 78.000
30.898 79.667
30.923 99.000
30.949 94.333
30.975 100.667
31.001 95.667
31.026 93.667
31.052 103.667
31.078 92.667
31.104 101.667
31.130 106.333
31.156 92.333
31.181 92.667
31.207 91.333
31.233 99.667
31.259 88.333
31.285 81.667
31.311 74.000
31.337 74.667
31.363 60.333
31.388 65.333
31.414 60.333
31.440 56.333
31.466 52.333
31.492 52.333
31.518 42.333
31.544 47.333
31.570 39.667
31.596 34.333
31.622 35.667
31.648 35.000
31.674 34.000
31.700 40.000
31.726 42.333
31.752 41.333
31.778 38.333
31.804 31.333
31.830 44.000
31.857 33.333
31.883 38.333
31.909 36.333
31.935 40.000
31.961 36.000
31.987 32.000
32.013 37.333
32.039 37.000
32.065 38.000
32.092 34.000
32.118 37.333
32.144 35.333
32.170 36.000
32.196 39.000
32.223 33.000
32.249 42.000
32.275 37.333
32.301 39.667
32.327 45.000
32.354 32.333
32.380 37.667
32.406 34.000
32.432 36.000
32.459 37.000
32.485 47.333
32.511 43.333
32.538 42.667
32.564 45.333
32.590 46.000
32.617 39.333
32.643 44.000
32.669 41.667
32.696 44.667
32.722 44.000
32.748 38.000
32.775 45.000
32.801 43.000
32.827 38.000
32.854 40.000
32.880 38.000
32.907 38.000
32.933 42.333
32.960 39.000
32.986 42.000
33.012 37.667
33.039 46.667
33.065 47.000
33.092 40.333
33.118 44.000
33.145 48.000
33.171 44.333
33.198 41.000
33.224 50.000
33.251 38.000
33.277 44.333
33.304 43.667
33.331 42.333
33.357 44.000
33.384 43.333
33.410 55.667
33.437 45.667
33.463 55.000
33.490 54.000
33.517 58.333
33.543 51.333
33.570 60.333
33.597 69.333
33.623 71.000
33.650 67.000
33.676 83.333
33.703 81.333
33.730 83.000
33.757 93.667
33.783 95.000
33.810 92.667
33.837 91.333
33.863 96.333
33.890 99.000
33.917 101.667
33.943 101.333
33.970 109.000
33.997 100.333
34.024 104.333
34.051 108.000
34.077 112.000
34.104 96.667
34.131 90.667
34.158 95.000
34.184 96.000
34.211 85.333
34.238 82.333
34.265 81.667
34.292 80.000
34.319 72.333
34.345 62.000
34.372 53.667
34.399 50.667
34.426 53.333
34.453 49.333
34.480 49.000
34.507 43.000
34.534 42.333
34.561 41.667
34.587 39.333
34.614 43.667
34.641 38.333
34.668 38.333
34.695 28.000
34.722 33.000
34.749 33.000
34.776 39.000
34.803 39.667
34.830 35.000
34.857 31.667
34.884 33.333
34.911 39.333
34.938 32.000
34.965 35.000
34.992 31.000
35.019 37.000
35.046 39.000
35.073 39.333
35.100 28.667
35.127 33.333
35.155 35.667
35.182 33.333
35.209 39.000
35.236 35.667
35.263 31.000
35.290 33.333
35.317 31.000
35.344 35.000
35.371 39.333
35.399 36.000
35.426 28.667
35.453 34.333
35.480 31.667
35.507 30.000
35.534 35.333
35.562 33.000
35.589 35.667
35.616 33.000
35.643 39.000
35.670 39.667
35.698 38.667
35.725 36.333
35.752 36.333
35.779 36.667
35.807 38.667
35.834 36.667
35.861 33.333
35.888 35.667
35.916 33.667
35.943 39.333
35.970 39.000
35.997 36.333
36.025 42.000
36.052 31.333
36.079 43.667
36.107 34.667
36.134 34.000
36.161 36.333
36.189 37.000
36.216 35.667
36.243 40.333
36.271 36.667
36.298 37.667
36.326 37.333
36.353 46.000
36.380 31.333
36.408 34.333
36.435 32.000
36.463 37.000
36.490 36.333
36.517 36.000
36.545 36.000
36.572 39.667
36.600 33.333
36.627 36.000
36.655 35.333
36.682 36.333
36.710 33.667
36.737 45.667
36.765 38.333
36.792 42.667
36.820 48.333
36.847 48.333
36.875 38.667
36.902 47.667
36.930 39.333
36.957 32.000
36.985 32.333
37.012 35.333
37.040 40.667
37.067 39.000
37.095 37.000
37.122 36.333
37.150 40.667
37.178 43.000
37.205 43.000
37.233 33.333
37.260 35.000
37.288 28.333
37.316 35.667
37.343 43.333
37.371 42.000
37.399 42.333
37.426 42.333
37.454 41.667
37.481 44.333
37.509 43.000
37.537 33.333
37.564 44.667
37.592 40.000
37.620 38.333
37.648 41.000
37.675 41.333
37.703 41.333
37.731 41.000
37.758 38.333
37.786 33.667
37.814 41.667
37.842 43.000
37.869 34.333
37.897 40.667
37.925 40.000
37.953 30.000
37.980 39.667
38.008 35.667
38.036 36.667
38.064 35.333
38.091 39.000
38.119 33.333
38.147 37.000
38.175 31.000
38.203 29.333
38.230 38.000
38.258 33.333
38.286 35.333
38.314 33.333
38.342 32.333
38.370 26.333
38.397 33.667
38.425 32.667
38.453 38.667
38.481 34.333
38.509 34.000
38.537 37.667
38.565 32.000
38.593 34.333
38.620 38.667
38.648 38.667
38.676 31.667
38.704 33.667
38.732 34.000
38.760 35.667
38.788 38.000
38.816 30.333
38.844 34.000
38.872 26.667
38.900 38.000
38.928 34.333
38.956 36.000
38.984 32.667
39.012 30.000
39.040 28.000
39.068 38.000
39.096 32.667
39.124 32.667
39.152 37.000
39.180 39.667
39.208 37.000
39.236 39.333
39.264 36.000
39.292 36.333
39.320 34.000
39.348 38.333
39.376 32.333
39.404 35.667
39.432 42.333
39.460 37.000
39.488 31.333
39.516 34.000
39.544 35.667
39.572 40.000
39.600 44.333
39.629 40.333
39.657 33.667
39.685 36.000
39.713 44.667
39.741 32.667
39.769 40.667
39.797 40.667
39.825 41.333
39.854 37.333
39.882 44.333
39.910 47.333
39.938 43.333
39.966 39.333
39.994 37.333
40.023 44.333
40.051 42.667
40.079 48.667
40.107 40.000
40.135 35.333
40.163 42.333
40.192 43.667
40.220 43.333
40.248 44.333
40.276 46.333
40.304 49.000
40.333 50.333
40.361 45.333
40.389 44.333
40.417 41.000
40.446 49.333
40.474 39.667
40.502 46.667
40.530 45.333
40.559 44.000
40.587 42.333
40.615 46.333
40.644 43.667
40.672 42.333
40.700 39.333
40.728 44.000
40.757 39.333
40.785 46.667
40.813 42.000
40.842 41.333
40.870 41.667
40.898 39.000
40.927 31.000
40.955 31.333
40.983 39.333
41.012 43.333
41.040 34.333
41.068 37.000
41.097 38.667
41.125 31.333
41.153 34.333
41.182 34.000
41.210 37.000
41.239 31.667
41.267 35.667
41.295 38.000
41.324 38.667
41.352 32.000
41.381 37.333
41.409 40.000
41.437 36.333
41.466 38.000
41.494 39.333
41.523 38.000
41.551 40.667
41.580 33.333
41.608 39.333
41.636 36.333
41.665 37.000
41.693 38.333
41.722 41.333
41.750 44.000
41.779 39.667
41.807 39.000
41.836 42.667
41.864 36.333
41.893 42.000
41.921 42.000
41.950 37.000
41.978 42.667
42.007 42.333
42.035 44.000
42.064 43.667
42.092 41.333
42.121 36.000
42.149 41.333
42.178 45.000
42.206 45.333
42.235 44.333
42.263 44.667
42.292 49.333
42.320 44.333
42.349 51.333
42.377 48.333
42.406 53.667
42.435 51.000
42.463 53.333
42.492 57.000
42.520 47.333
42.549 55.333
42.577 55.000
42.606 62.000
42.635 66.000
42.663 65.000
42.692 60.667
42.720 64.333
42.749 70.333
42.778 66.000
42.806 68.333
42.835 66.000
42.864 68.667
42.892 67.667
42.921 70.333
42.949 77.333
42.978 74.000
43.007 78.667
43.035 74.667
43.064 69.000
43.093 77.667
43.121 75.333
43.150 81.000
43.179 83.000
43.207 82.667
43.236 82.667
43.265 89.667
43.293 79.667
43.322 79.667
43.351 82.667
43.379 82.667
43.408 79.667
43.437 80.667
43.466 68.333
43.494 81.333
43.523 82.667
43.552 73.333
43.580 70.667
43.609 71.667
43.638 68.333
43.667 78.667
43.695 68.667
43.724 82.333
43.753 74.000
43.782 65.333
43.810 77.000
43.839 76.333
43.868 73.667
43.897 68.000
43.925 63.000
43.954 68.333
43.983 71.333
44.012 75.333
44.040 67.000
44.069 63.333
44.098 65.333
44.127 58.667
44.156 65.667
44.184 57.667
44.213 62.667
44.242 63.333
44.271 59.333
44.299 66.000
44.328 54.000
44.357 54.000
44.386 63.333
44.415 59.333
44.444 64.667
44.472 61.667
44.501 58.333
44.530 59.000
44.559 59.000
44.588 58.000
44.617 62.333
44.645 54.000
44.674 52.000
44.703 47.333
44.732 50.667
44.761 56.333
44.790 51.667
44.819 49.667
44.847 51.000
44.876 47.000
44.905 49.000
44.934 52.333
44.963 46.333
44.992 47.000
45.021 46.000
45.050 47.333
45.078 55.667
45.107 55.333
45.136 49.000
45.165 53.333
45.194 54.000
45.223 52.667
45.252 52.333
45.281 54.667
45.310 51.000
45.339 60.000
45.367 60.667
45.396 64.333
45.425 54.000
45.454 67.667
45.483 69.000
45.512 71.000
45.541 75.333
45.570 63.000
45.599 58.333
45.628 58.333
45.657 73.000
45.686 62.667
45.715 71.000
45.744 57.000
45.773 62.000
45.802 58.333
45.831 58.000
45.860 70.000
45.889 57.333
45.917 57.667
45.946 59.333
45.975 55.333
46.004 59.667
46.033 55.667
46.062 56.000
46.091 44.667
46.120 52.667
46.149 52.333
46.178 49.000
46.207 43.000
46.236 40.000
46.265 48.333
46.294 43.000
46.323 44.000
46.352 43.333
46.381 46.667
46.410 42.333
46.439 40.333
46.468 41.000
46.497 42.667
46.526 41.333
46.555 38.333
46.585 37.667
46.614 33.333
46.643 34.000
46.672 35.667
46.701 38.000
46.730 39.667
46.759 39.333
46.788 40.667
46.817 40.333
46.846 38.333
46.875 44.667
46.904 40.333
46.933 42.667
46.962 39.333
46.991 43.000
47.020 38.333
47.049 40.667
47.078 38.667
47.107 40.000
47.136 44.000
47.166 39.333
47.195 40.333
47.224 45.333
47.253 45.000
47.282 38.333
47.311 36.667
47.340 44.667
47.369 39.333
47.398 40.000
47.427 37.667
47.456 45.667
47.485 47.000
47.515 37.667
47.544 42.000
47.573 42.000
47.602 40.000
47.631 49.667
47.660 42.333
47.689 41.333
47.718 42.667
47.747 44.333
47.777 39.667
47.806 42.000
47.835 35.667
47.864 39.667
47.893 41.667
47.922 46.667
47.951 45.000
47.980 46.667
48.009 49.667
48.039 37.333
48.068 47.333
48.097 38.333
48.126 48.667
48.155 48.667
48.184 55.667
48.213 51.333
48.243 51.000
48.272 44.667
48.301 48.000
48.330 47.000
48.359 44.333
48.388 52.000
48.417 54.667
48.447 54.667
48.476 52.667
48.505 52.667
48.534 52.333
48.563 45.000
48.592 52.000
48.622 56.667
48.651 53.000
48.680 59.000
48.709 53.000
48.738 62.667
48.767 52.667
48.797 56.333
48.826 57.333
48.855 50.000
48.884 55.000
48.913 54.667
48.942 58.667
48.972 47.333
49.001 59.000
49.030 50.000
49.059 56.667
49.088 52.333
49.118 62.333
49.147 56.000
49.176 52.667
49.205 61.000
49.234 57.000
49.263 50.667
49.293 50.333
49.322 51.000
49.351 47.000
49.380 51.667
49.409 43.000
49.439 43.000
49.468 43.000
49.497 37.333
49.526 33.667
49.555 39.000
49.585 40.000
49.614 39.667
49.643 37.000
49.672 35.333
49.701 33.333
49.731 29.000
49.760 36.000
49.789 32.667
49.818 37.000
49.848 36.333
49.877 40.000
49.906 36.667
49.935 42.667
49.964 39.667
49.994 37.333
50.023 32.000
50.052 35.667
50.081 35.667
50.110 41.333
50.140 43.667
50.169 35.333
50.198 35.333
50.227 33.000
50.257 41.000
50.286 33.333
50.315 37.000
50.344 34.000
50.374 38.667
50.403 37.667
50.432 36.667
50.461 40.667
50.490 38.333
50.520 32.333
50.549 35.333
50.578 38.000
50.607 32.333
50.637 47.333
50.666 34.333
50.695 42.667
50.724 32.667
50.754 36.333
50.783 36.667
50.812 36.667
50.841 44.333
50.870 49.000
50.900 36.667
50.929 38.333
50.958 41.667
50.987 43.000
51.017 38.667
51.046 43.000
51.075 36.000
51.104 44.333
51.134 55.000
51.163 48.667
51.192 50.667
51.221 51.000
51.251 46.333
51.280 51.333
51.309 42.000
51.338 49.000
51.368 43.000
51.397 50.000
51.426 49.667
51.455 48.000
51.485 44.333
51.514 53.000
51.543 55.667
51.572 48.333
51.602 52.667
51.631 48.000
51.660 50.000
51.689 57.667
51.719 53.333
51.748 45.000
51.777 53.333
51.806 47.000
51.836 36.000
51.865 53.333
51.894 46.667
51.923 47.333
51.953 50.333
51.982 51.667
52.011 58.000
52.040 50.333
52.070 49.000
52.099 54.667
52.128 56.667
52.157 55.000
52.187 59.333
52.216 51.667
52.245 56.667
52.274 58.333
52.304 58.667
52.333 56.667
52.362 60.000
52.391 59.333
52.421 67.000
52.450 50.000
52.479 60.333
52.508 55.333
52.538 65.000
52.567 64.667
52.596 66.000
52.625 57.333
52.655 54.333
52.684 54.333
52.713 47.667
52.742 51.333
52.772 51.333
52.801 49.000
52.830 51.000
52.859 47.667
52.889 58.000
52.918 50.333
52.947 42.000
52.976 49.000
53.006 44.000
53.035 41.667
53.064 46.333
53.093 46.333
53.123 41.333
53.152 39.000
53.181 42.000
53.210 46.000
53.240 39.000
53.269 43.667
53.298 29.000
53.327 39.667
53.357 46.333
53.386 43.000
53.415 35.333
53.444 44.667
53.473 39.333
53.503 38.000
53.532 48.667
