18.801 71.250
18.823 56.250
18.845 58.750
18.867 56.750
18.889 57.250
18.910 57.250
18.932 59.250
18.954 65.750
18.976 64.250
18.998 63.250
19.020 58.500
19.042 66.000
19.064 60.500
19.086 66.000
19.108 53.500
19.130 59.000
19.152 64.000
19.174 58.250
19.196 66.500
19.218 60.000
19.240 60.500
19.262 61.000
19.284 64.000
19.306 58.000
19.328 60.750
19.350 69.000
19.372 56.500
19.394 61.500
19.416 61.250
19.439 64.250
19.461 64.000
19.483 59.000
19.505 66.000
19.527 61.500
19.549 59.250
19.571 59.750
19.593 61.000
19.615 59.000
19.637 62.000
19.660 65.750
19.682 65.500
19.704 58.500
19.726 54.750
19.748 58.500
19.770 54.000
19.792 58.750
19.815 60.500
19.837 64.250
19.859 54.750
19.881 59.500
19.903 68.250
19.926 58.250
19.948 63.250
19.970 55.500
19.992 56.000
20.014 58.750
20.037 60.250
20.059 60.500
20.081 58.250
20.103 59.000
20.126 59.250
20.148 62.750
20.170 64.250
20.192 58.000
20.215 63.250
20.237 55.250
20.259 58.500
20.281 67.250
20.304 56.250
20.326 60.000
20.348 65.250
20.371 59.500
20.393 61.250
20.415 59.750
20.438 62.250
20.460 64.750
20.482 58.750
20.505 61.750
20.527 61.750
20.549 61.000
20.572 65.000
20.594 65.000
20.616 59.500
20.639 59.750
20.661 53.000
20.684 60.250
20.706 67.000
20.728 57.500
20.751 60.250
20.773 60.000
20.796 62.000
20.818 57.750
20.840 56.750
20.863 58.000
20.885 59.750
20.908 55.250
20.930 52.250
20.953 62.500
20.975 57.500
20.998 59.750
21.020 59.250
21.042 55.500
21.065 62.750
21.087 64.000
21.110 58.750
21.132 64.750
21.155 60.000
21.177 61.250
21.200 57.500
21.222 58.750
21.245 61.000
21.268 63.250
21.290 57.250
21.313 61.750
21.335 65.500
21.358 60.000
21.380 60.500
21.403 60.000
21.425 70.500
21.448 64.500
21.471 61.000
21.493 64.750
21.516 59.500
21.538 55.000
21.561 54.500
21.584 61.000
21.606 60.250
21.629 62.000
21.651 59.750
21.674 64.000
21.697 67.750
21.719 65.250
21.742 63.000
21.765 66.500
21.787 62.250
21.810 58.500
21.833 54.500
21.855 65.750
21.878 59.000
21.901 66.000
21.923 62.000
21.946 61.000
21.969 63.000
21.992 64.000
22.014 63.500
22.037 63.750
22.060 66.500
22.083 62.500
22.105 61.500
22.128 65.250
22.151 67.750
22.174 67.000
22.196 55.500
22.219 61.500
22.242 54.750
22.265 58.750
22.287 64.750
22.310 63.000
22.333 62.750
22.356 66.500
22.379 71.500
22.401 73.750
22.424 65.500
22.447 70.000
22.470 70.500
22.493 72.000
22.516 75.750
22.538 70.500
22.561 81.250
22.584 79.750
22.607 76.000
22.630 91.500
22.653 84.750
22.676 84.500
22.699 90.000
22.721 96.750
22.744 92.750
22.767 93.750
22.790 83.750
22.813 95.500
22.836 93.750
22.859 108.500
22.882 90.750
22.905 88.500
22.928 84.000
22.951 80.750
22.974 85.750
22.997 75.000
23.020 74.500
23.043 64.500
23.066 75.250
23.089 68.500
23.112 61.250
23.135 58.500
23.158 56.750
23.181 64.250
23.204 64.000
23.227 61.250
23.250 64.000
23.273 56.250
23.296 56.250
23.319 59.500
23.342 56.750
23.365 60.250
23.388 68.250
23.411 59.500
23.434 54.250
23.457 61.000
23.480 55.750
23.503 61.500
23.526 63.750
23.549 53.500
23.573 54.500
23.596 57.000
23.619 57.000
23.642 68.000
23.665 57.750
23.688 60.500
23.711 57.000
23.734 62.500
23.758 52.000
23.781 63.500
23.804 66.750
23.827 58.750
23.850 56.000
23.873 47.000
23.897 67.500
23.920 54.750
23.943 59.250
23.966 58.250
23.989 60.750
24.013 53.250
24.036 62.500
24.059 65.500
24.082 58.500
24.105 61.500
24.129 57.250
24.152 54.750
24.175 60.000
24.198 62.750
24.222 61.000
24.245 52.000
24.268 62.000
24.292 55.500
24.315 53.250
24.338 57.000
24.361 55.500
24.385 60.500
24.408 57.500
24.431 60.000
24.455 63.500
24.478 59.750
24.501 54.250
24.525 65.250
24.548 58.250
24.571 57.250
24.595 54.000
24.618 59.250
24.641 58.750
24.665 57.500
24.688 53.750
24.712 53.000
24.735 60.250
24.758 58.500
24.782 58.250
24.805 65.250
24.829 56.250
24.852 54.750
24.875 52.000
24.899 57.500
24.922 55.250
24.946 51.500
24.969 59.250
24.993 55.750
25.016 64.000
25.039 61.000
25.063 56.750
25.086 60.750
25.110 55.750
25.133 59.750
25.157 70.500
25.180 60.250
25.204 54.000
25.227 56.000
25.251 58.750
25.274 61.000
25.298 56.250
25.321 56.250
25.345 54.750
25.369 56.750
25.392 54.750
25.416 59.500
25.439 49.750
25.463 56.500
25.486 57.250
25.510 56.000
25.533 52.000
25.557 61.250
25.581 59.000
25.604 60.750
25.628 58.250
25.651 58.250
25.675 54.000
25.699 54.750
25.722 64.750
25.746 67.750
25.770 49.750
25.793 56.750
25.817 59.500
25.841 54.250
25.864 60.250
25.888 55.750
25.911 56.000
25.935 52.500
25.959 57.500
25.983 53.250
26.006 62.750
26.030 58.750
26.054 55.250
26.077 55.500
26.101 58.750
26.125 61.500
26.148 63.000
26.172 62.250
26.196 63.000
26.220 59.750
26.243 55.250
26.267 65.000
26.291 65.000
26.315 63.000
26.339 56.750
26.362 68.750
26.386 61.500
26.410 64.000
26.434 60.250
26.457 57.500
26.481 64.000
26.505 61.750
26.529 53.250
26.553 56.000
26.577 59.250
26.600 51.250
26.624 54.750
26.648 50.750
26.672 58.500
26.696 53.750
26.720 55.500
26.743 52.750
26.767 54.000
26.791 59.000
26.815 56.000
26.839 55.250
26.863 58.000
26.887 60.000
26.911 55.500
26.935 52.000
26.959 57.750
26.982 51.000
27.006 56.500
27.030 59.500
27.054 54.000
27.078 54.500
27.102 59.250
27.126 48.500
27.150 50.500
27.174 60.500
27.198 60.750
27.222 48.750
27.246 47.250
27.270 52.750
27.294 58.250
27.318 54.250
27.342 53.000
27.366 57.250
27.390 56.000
27.414 59.250
27.438 53.750
27.462 55.500
27.486 55.500
27.510 54.500
27.534 55.000
27.558 48.500
27.582 44.250
27.606 47.500
27.631 60.000
27.655 50.500
27.679 57.000
27.703 52.750
27.727 54.500
27.751 54.750
27.775 50.750
27.799 53.000
27.823 52.250
27.847 61.750
27.872 58.000
27.896 53.250
27.920 56.000
27.944 53.250
27.968 63.500
27.992 55.750
28.017 54.750
28.041 48.000
28.065 52.750
28.089 55.000
28.113 57.250
28.137 57.500
28.162 53.250
28.186 58.500
28.210 62.250
28.234 59.250
28.258 54.250
28.283 71.250
28.307 58.500
28.331 68.000
28.355 67.000
28.380 56.500
28.404 64.500
28.428 68.750
28.452 67.250
28.477 67.750
28.501 58.250
28.525 71.250
28.550 66.250
28.574 66.250
28.598 65.500
28.623 66.750
28.647 70.000
28.671 66.750
28.695 75.750
28.720 76.500
28.744 84.750
28.768 77.750
28.793 80.750
28.817 94.750
28.842 101.750
28.866 124.250
28.890 140.500
28.915 132.750
28.939 159.000
28.963 178.750
28.988 199.500
29.012 259.000
29.037 302.250
29.061 398.500
29.085 475.750
29.110 591.500
29.134 703.750
29.159 786.750
29.183 921.500
29.208 1078.750
29.232 1097.750
29.256 1115.500
29.281 1155.500
29.305 1139.500
29.330 1130.000
29.354 1148.000
29.379 1053.250
29.403 993.250
29.428 896.750
29.452 825.000
29.477 719.250
29.501 648.000
29.526 579.500
29.550 518.750
29.575 453.000
29.599 434.000
29.624 345.750
29.649 314.750
29.673 246.750
29.698 161.750
29.722 115.250
29.747 91.000
29.771 89.000
29.796 84.500
29.821 79.250
29.845 83.750
29.870 76.750
29.894 67.250
29.919 71.500
29.944 75.250
29.968 70.500
29.993 68.500
30.017 63.250
30.042 77.500
30.067 77.750
30.091 70.750
30.116 65.250
30.141 71.500
30.165 66.500
30.190 65.250
30.215 60.000
30.239 60.500
30.264 61.750
30.289 51.750
30.313 58.000
30.338 54.500
30.363 56.500
30.388 60.750
30.412 57.250
30.437 61.000
30.462 58.250
30.486 56.750
30.511 50.250
30.536 61.500
30.561 61.750
30.585 57.500
30.610 52.500
30.635 60.000
30.660 55.500
30.685 57.500
30.709 64.250
30.734 63.250
30.759 59.250
30.784 60.500
30.809 47.250
30.833 57.750
30.858 59.500
30.883 64.500
30.908 64.750
30.933 56.750
30.958 63.000
30.982 63.000
31.007 60.250
31.032 61.750
31.057 64.750
31.082 55.750
31.107 60.250
31.132 61.500
31.156 64.250
31.181 62.000
31.206 69.000
31.231 74.000
31.256 70.000
31.281 80.750
31.306 87.250
31.331 78.750
31.356 70.500
31.381 84.500
31.406 79.750
31.431 80.250
31.456 84.000
31.481 87.500
31.506 81.750
31.530 72.500
31.555 72.750
31.580 71.500
31.605 54.000
31.630 61.000
31.655 63.250
31.680 64.000
31.705 54.500
31.730 54.500
31.756 55.000
31.781 50.500
31.806 59.500
31.831 61.750
31.856 44.750
31.881 55.250
31.906 61.750
31.931 50.250
31.956 62.250
31.981 55.750
32.006 55.750
32.031 56.750
32.056 54.750
32.081 57.500
32.106 56.000
32.132 58.250
32.157 53.750
32.182 51.750
32.207 57.000
32.232 54.250
32.257 50.500
32.282 51.250
32.307 53.750
32.333 54.750
32.358 57.500
32.383 53.750
32.408 52.000
32.433 49.500
32.459 57.250
32.484 54.750
32.509 55.000
32.534 55.250
32.559 45.500
32.585 50.000
32.610 46.250
32.635 59.750
32.660 55.500
32.685 52.000
32.711 54.500
32.736 54.250
32.761 50.000
32.786 47.500
32.812 52.500
32.837 54.250
32.862 52.250
32.887 52.250
32.913 50.750
32.938 53.250
32.963 57.000
32.989 48.000
33.014 51.000
33.039 57.000
33.065 45.750
33.090 55.250
33.115 61.250
33.141 48.000
33.166 49.000
33.191 55.750
33.217 46.000
33.242 45.250
33.267 61.750
33.293 54.000
33.318 55.000
33.343 46.000
33.369 50.750
33.394 51.750
33.420 49.750
33.445 49.500
33.470 56.250
33.496 49.250
33.521 55.750
33.547 56.000
33.572 56.000
33.598 51.250
33.623 48.500
33.649 55.500
33.674 46.750
33.699 46.750
33.725 50.000
33.750 56.000
33.776 54.750
33.801 52.750
33.827 57.500
33.852 58.250
33.878 49.500
33.903 57.250
33.929 51.000
33.954 59.500
33.980 45.500
34.005 52.750
34.031 45.250
34.056 46.000
34.082 51.250
34.108 49.250
34.133 54.250
34.159 51.250
34.184 52.250
34.210 51.750
34.235 45.750
34.261 44.750
34.287 47.750
34.312 53.000
34.338 50.750
34.363 48.750
34.389 48.500
34.415 51.250
34.440 53.000
34.466 52.500
34.491 43.500
34.517 50.500
34.543 50.750
34.568 53.500
34.594 53.500
34.620 51.750
34.645 51.500
34.671 50.750
34.697 50.750
34.722 49.500
34.748 55.000
34.774 48.250
34.800 54.000
34.825 43.500
34.851 50.250
34.877 52.500
34.902 47.500
34.928 51.000
34.954 55.500
34.980 47.750
35.005 50.000
35.031 53.250
35.057 52.250
35.083 55.000
35.108 62.750
35.134 58.000
35.160 56.500
35.186 55.500
35.212 49.750
35.237 46.750
35.263 55.250
35.289 55.500
35.315 53.250
35.341 53.500
35.366 57.250
35.392 59.750
35.418 53.750
35.444 54.000
35.470 59.750
35.496 63.250
35.522 55.000
35.547 60.750
35.573 67.000
35.599 63.750
35.625 70.000
35.651 81.000
35.677 76.250
35.703 95.500
35.729 103.500
35.755 111.250
35.780 121.750
35.806 123.500
35.832 140.000
35.858 131.750
35.884 141.750
35.910 132.750
35.936 138.000
35.962 137.000
35.988 129.250
36.014 141.500
36.040 121.250
36.066 127.000
36.092 112.000
36.118 112.250
36.144 102.750
36.170 94.750
36.196 91.000
36.222 81.750
36.248 66.750
36.274 65.500
36.300 62.750
36.326 58.000
36.352 57.250
36.378 47.500
36.404 52.250
36.430 48.750
36.456 48.000
36.482 51.500
36.508 51.250
36.535 56.750
36.561 53.250
36.587 43.250
36.613 48.750
36.639 55.750
36.665 47.250
36.691 48.250
36.717 45.250
36.743 46.250
36.770 49.750
36.796 42.250
36.822 48.250
36.848 48.500
36.874 53.000
36.900 44.500
36.926 49.250
36.953 54.750
36.979 45.000
37.005 49.000
37.031 44.500
37.057 48.000
37.084 44.750
37.110 47.750
37.136 50.500
37.162 53.500
37.188 47.500
37.215 46.000
37.241 50.500
37.267 52.750
37.293 53.250
37.320 43.500
37.346 48.250
37.372 51.250
37.398 45.250
37.425 49.750
37.451 48.750
37.477 46.000
37.504 46.000
37.530 47.750
37.556 43.000
37.582 42.000
37.609 50.000
37.635 50.250
37.661 50.500
37.688 48.250
37.714 47.250
37.740 46.750
37.767 48.000
37.793 47.250
37.819 55.250
37.846 44.500
37.872 45.500
37.899 50.250
37.925 57.250
37.951 45.000
37.978 41.500
38.004 48.250
38.031 49.750
38.057 43.750
38.083 45.750
38.110 57.250
38.136 53.750
38.163 55.000
38.189 50.750
38.216 44.250
38.242 49.000
38.268 45.750
38.295 57.500
38.321 51.500
38.348 52.250
38.374 48.750
38.401 54.250
38.427 47.000
38.454 48.500
38.480 45.000
38.507 47.000
38.533 48.000
38.560 42.750
38.586 50.000
38.613 52.000
38.639 51.500
38.666 50.000
38.692 49.000
38.719 50.750
38.746 53.250
38.772 46.500
38.799 53.000
38.825 58.000
38.852 55.500
38.878 59.750
38.905 59.250
38.932 64.500
38.958 71.750
38.985 72.250
39.011 72.000
39.038 90.250
39.065 105.750
39.091 102.250
39.118 114.000
39.145 133.250
39.171 139.750
39.198 147.250
39.225 155.250
39.251 167.500
39.278 165.250
39.305 157.000
39.331 180.500
39.358 169.000
39.385 167.750
39.411 164.750
39.438 160.250
39.465 146.500
39.491 137.000
39.518 131.500
39.545 129.750
39.572 119.250
39.598 104.500
39.625 91.750
39.652 74.250
39.679 77.250
39.705 60.500
39.732 60.750
39.759 65.000
39.786 60.750
39.812 50.500
39.839 57.000
39.866 50.500
39.893 54.500
39.920 48.250
39.946 50.750
39.973 52.250
40.000 47.500
40.027 44.500
40.054 46.250
40.081 45.250
40.107 48.500
40.134 47.500
40.161 51.750
40.188 48.250
40.215 49.000
40.242 47.250
40.269 52.000
40.296 43.000
40.322 49.500
40.349 47.000
40.376 42.000
40.403 46.250
40.430 49.500
40.457 47.750
40.484 47.750
40.511 45.000
40.538 47.000
40.565 44.500
40.592 45.250
40.619 45.250
40.646 39.750
40.673 44.250
40.699 42.000
40.726 45.500
40.753 49.000
40.780 45.250
40.807 44.500
40.834 49.000
40.861 43.250
40.888 53.000
40.915 50.500
40.942 42.500
40.969 50.000
40.997 46.000
41.024 39.750
41.051 42.750
41.078 42.500
41.105 45.750
41.132 45.000
41.159 51.250
41.186 38.250
41.213 47.500
41.240 49.000
41.267 46.000
41.294 50.250
41.321 48.750
41.348 49.750
41.376 46.250
41.403 47.250
41.430 45.750
41.457 48.250
41.484 45.750
41.511 45.500
41.538 45.250
41.565 44.000
41.593 44.500
41.620 37.000
41.647 47.500
41.674 44.500
41.701 55.250
41.728 48.250
41.756 44.500
41.783 48.000
41.810 48.000
41.837 43.250
41.864 44.250
41.892 44.750
41.919 50.250
41.946 44.750
41.973 48.750
42.001 46.500
42.028 46.750
42.055 50.250
42.082 52.750
42.110 48.250
42.137 48.250
42.164 47.000
42.191 46.500
42.219 42.000
42.246 40.500
42.273 49.250
42.301 58.250
42.328 48.250
42.355 47.250
42.383 45.000
42.410 48.750
42.437 52.750
42.465 55.250
42.492 49.000
42.519 51.750
42.547 52.500
42.574 54.500
42.601 52.500
42.629 61.250
42.656 70.000
42.683 52.500
42.711 61.750
42.738 68.250
42.766 74.250
42.793 81.250
42.820 104.250
42.848 118.000
42.875 137.500
42.903 171.000
42.930 196.000
42.958 237.750
42.985 238.500
43.013 249.750
43.040 274.500
43.067 254.250
43.095 256.750
43.122 245.250
43.150 227.500
43.177 221.250
43.205 210.000
43.232 194.500
43.260 184.250
43.287 155.500
43.315 152.000
43.342 129.500
43.370 108.250
43.397 99.750
43.425 86.250
43.452 79.750
43.480 79.500
43.508 70.500
43.535 57.000
43.563 53.250
43.590 54.500
43.618 56.750
43.645 50.250
43.673 59.500
43.701 54.000
43.728 56.500
43.756 47.500
43.783 47.250
43.811 46.500
43.839 49.000
43.866 45.250
43.894 48.500
43.921 42.500
43.949 42.750
43.977 51.000
44.004 46.500
44.032 41.750
44.060 42.500
44.087 48.250
44.115 44.750
44.143 44.250
44.170 47.000
44.198 46.500
44.226 47.750
44.254 47.000
44.281 50.250
44.309 44.000
44.337 35.500
44.364 46.000
44.392 39.750
44.420 45.500
44.448 45.250
44.475 44.750
44.503 44.000
44.531 47.750
44.559 45.000
44.586 45.750
44.614 42.250
44.642 43.750
44.670 50.000
44.698 47.500
44.725 45.000
44.753 49.500
44.781 50.500
44.809 45.750
44.837 49.250
44.864 51.750
44.892 50.250
44.920 56.750
44.948 52.000
44.976 50.250
45.004 43.500
45.032 44.500
45.059 47.750
45.087 46.000
45.115 42.000
45.143 49.000
45.171 48.500
45.199 45.250
45.227 48.000
45.255 49.250
45.283 44.750
45.310 38.750
45.338 40.000
45.366 44.750
45.394 43.000
45.422 43.500
45.450 49.500
45.478 45.000
45.506 46.250
45.534 44.250
45.562 43.000
45.590 43.500
45.618 46.000
45.646 45.000
45.674 45.250
45.702 45.750
45.730 41.000
45.758 46.000
45.786 36.750
45.814 42.000
45.842 42.000
45.870 42.500
45.898 48.000
45.926 40.000
45.954 45.500
45.982 46.750
46.010 43.250
46.038 39.750
46.066 37.750
46.094 43.000
46.123 48.000
46.151 46.250
46.179 38.250
46.207 45.250
46.235 41.000
46.263 43.750
46.291 49.250
46.319 39.750
46.347 41.500
46.376 48.000
46.404 50.500
46.432 51.500
46.460 48.750
46.488 48.000
46.516 49.250
46.544 43.250
46.573 46.500
46.601 54.500
46.629 56.250
46.657 51.250
46.685 52.750
46.714 57.250
46.742 54.500
46.770 60.000
46.798 61.250
46.826 65.000
46.855 78.750
46.883 83.500
46.911 88.500
46.939 86.500
46.968 97.250
46.996 101.750
47.024 98.250
47.052 105.000
47.081 116.000
47.109 128.500
47.137 116.500
47.166 139.500
47.194 160.250
47.222 169.000
47.250 188.750
47.279 210.000
47.307 229.000
47.335 246.250
47.364 256.750
47.392 260.500
47.420 260.500
47.449 271.250
47.477 272.500
47.506 266.750
47.534 276.250
47.562 240.750
47.591 253.000
47.619 245.250
47.647 229.250
47.676 225.000
47.704 196.250
47.733 176.750
47.761 163.500
47.789 134.750
47.818 118.000
47.846 107.500
47.875 94.000
47.903 88.500
47.932 80.500
47.960 83.000
47.988 80.500
48.017 78.250
48.045 88.250
48.074 79.250
48.102 89.500
48.131 88.500
48.159 93.750
48.188 106.000
48.216 120.000
48.245 124.500
48.273 138.500
48.302 163.250
48.330 190.750
48.359 198.750
48.387 230.750
48.416 265.250
48.445 271.000
48.473 276.000
48.502 294.000
48.530 266.500
48.559 259.500
48.587 254.250
48.616 253.750
48.645 243.250
48.673 208.750
48.702 186.000
48.730 159.750
48.759 158.000
48.788 145.250
48.816 130.000
48.845 117.250
48.873 114.000
48.902 103.750
48.931 81.750
48.959 73.750
48.988 73.500
49.017 59.750
49.045 58.750
49.074 60.500
49.103 47.000
49.131 54.000
49.160 49.750
49.189 50.750
49.217 45.750
49.246 46.750
49.275 44.000
49.304 48.750
49.332 50.500
49.361 51.500
49.390 46.250
49.418 53.000
49.447 40.500
49.476 46.500
49.505 46.000
49.533 39.250
49.562 40.000
49.591 36.750
49.620 43.500
49.649 40.250
49.677 40.500
49.706 38.250
49.735 39.250
49.764 39.250
49.793 49.000
49.821 42.500
49.850 39.750
49.879 41.500
49.908 43.000
49.937 46.500
49.966 43.250
49.994 46.000
50.023 43.750
50.052 46.750
50.081 49.250
50.110 43.000
50.139 45.750
50.168 43.250
50.196 44.250
50.225 42.750
50.254 45.500
50.283 44.250
50.312 51.500
50.341 45.500
50.370 46.250
50.399 50.250
50.428 47.500
50.457 49.750
50.486 49.500
50.515 48.500
50.544 44.000
50.573 47.250
50.602 49.250
50.631 41.000
50.659 48.000
50.688 42.000
50.717 43.750
50.746 41.750
50.775 44.750
50.804 43.500
50.833 35.750
50.863 45.000
50.892 45.750
50.921 44.000
50.950 44.250
50.979 36.750
51.008 42.000
51.037 40.500
51.066 37.000
51.095 43.750
51.124 38.750
51.153 41.000
51.182 41.000
51.211 41.500
51.240 42.750
51.269 45.000
51.298 37.250
51.328 34.750
51.357 34.500
51.386 35.250
51.415 31.500
51.444 41.250
