0 3810
1 3171
2 3203
3 3451
4 3434
5 3530
6 3571
7 3711
8 3829
9 3626
10 3832
11 3779
12 3814
13 3838
14 3976
15 3891
16 3927
17 3971
18 4011
19 3892
20 3847
21 3890
22 3845
23 3730
24 3822
25 3954
26 3842
27 3737
28 3777
29 3575
30 3657
31 3631
32 3614
33 3781
34 3694
35 3694
36 3677
37 3645
38 3680
39 3719
40 3791
41 3664
42 3794
43 3730
44 3731
45 3720
46 3753
47 3806
48 3675
49 3760
50 3694
51 3807
52 3758
53 3790
54 3700
55 3873
56 3704
57 3903
58 3789
59 3765
60 3783
61 3979
62 3765
63 3757
64 3852
65 3730
66 3654
67 3662
68 3682
69 3719
70 3659
71 3576
72 3571
73 3653
74 3624
75 3640
76 3531
77 3590
78 3484
79 3496
80 3500
81 3589
82 3440
83 3630
84 3549
85 3549
86 3635
87 3569
88 3725
89 3754
90 3645
91 3822
92 3742
93 3778
94 3607
95 3971
96 3954
97 4061
98 4206
99 4271
100 4234
101 4312
102 4385
103 4491
104 4302
105 4483
106 4634
107 4671
108 4667
109 4976
110 4968
111 4872
112 5003
113 4873
114 4776
115 4764
116 4589
117 4446
118 4242
119 4240
120 4261
121 4050
122 3924
123 3850
124 3741
125 3833
126 3697
127 3809
128 3664
129 3762
130 3599
131 3778
132 3575
133 3593
134 3629
135 3650
136 3625
137 3676
138 3634
139 3655
140 3687
141 3524
142 3455
143 3569
144 3472
145 3522
146 3620
147 3676
148 3593
149 3462
150 3615
151 3579
152 3450
153 3594
154 3508
155 3585
156 3541
157 3391
158 3532
159 3486
160 3390
161 3346
162 3531
163 3476
164 3254
165 3581
166 3489
167 3463
168 3346
169 3425
170 3467
171 3481
172 3451
173 3326
174 3320
175 3352
176 3374
177 3326
178 3284
179 3330
180 3488
181 3395
182 3424
183 3501
184 3286
185 3335
186 3277
187 3253
188 3395
189 3456
190 3236
191 3299
192 3338
193 3327
194 3248
195 3367
196 3345
197 3440
198 3334
199 3369
200 3468
201 3343
202 3429
203 3481
204 3520
205 3359
206 3430
207 3348
208 3432
209 3462
210 3313
211 3394
212 3357
213 3514
214 3281
215 3419
216 3421
217 3347
218 3427
219 3428
220 3214
221 3343
222 3323
223 3255
224 3291
225 3453
226 3353
227 3275
228 3335
229 3295
230 3370
231 3359
232 3390
233 3393
234 3340
235 3413
236 3525
237 3619
238 3482
239 3517
240 3562
241 3454
242 3578
243 3487
244 3574
245 3656
246 3556
247 3545
248 3485
249 3708
250 3676
251 3668
252 3821
253 3827
254 4014
255 4055
256 4238
257 4382
258 4402
259 4537
260 4483
261 4455
262 4380
263 4212
264 4168
265 4204
266 4083
267 3885
268 3816
269 3765
270 3588
271 3622
272 3604
273 3647
274 3510
275 3445
276 3320
277 3452
278 3553
279 3584
280 3598
281 3696
282 3595
283 3383
284 3557
285 3430
286 3671
287 3506
288 3607
289 3638
290 3715
291 3711
292 3526
293 3484
294 3665
295 3754
296 3703
297 3535
298 3509
299 3622
300 3516
301 3513
302 3661
303 3583
304 3629
305 3532
306 3510
307 3500
308 3401
309 3529
310 3445
311 3530
312 3476
313 3310
314 3337
315 3405
316 3328
317 3376
318 3431
319 3437
320 3272
321 3279
322 3373
323 3322
324 3209
325 3223
326 3322
327 3296
328 3194
329 3306
330 3303
331 3262
332 3240
333 3253
334 3290
335 3347
336 3286
337 3497
338 3381
339 3630
340 3544
341 3505
342 3524
343 3624
344 3718
345 3728
346 3786
347 3954
348 4161
349 4107
350 4220
351 4522
352 4958
353 5048
354 5686
355 6229
356 7008
357 7651
358 9361
359 11559
360 13813
361 15579
362 17623
363 18914
364 19741
365 19885
366 19945
367 19765
368 20816
369 20917
370 22752
371 24856
372 27393
373 31394
374 36476
375 41896
376 49229
377 53148
378 57822
379 62723
380 62566
381 60780
382 58155
383 56087
384 50995
385 44796
386 37468
387 31984
388 25034
389 18832
390 13871
391 10175
392 7673
393 6224
394 5193
395 4758
396 4502
397 4206
398 4092
399 4011
400 3866
401 3820
402 3828
403 3784
404 3663
405 3763
406 3648
407 3673
408 3604
409 3709
410 3630
411 3457
412 3574
413 3552
414 3545
415 3563
416 3561
417 3514
418 3383
419 3585
420 3510
421 3422
422 3338
423 3336
424 3451
425 3460
426 3465
427 3341
428 3425
429 3460
430 3358
431 3445
432 3330
433 3398
434 3396
435 3418
436 3470
437 3358
438 3536
439 3477
440 3477
441 3601
442 3524
443 3640
444 3656
445 3676
446 3809
447 3827
448 3884
449 4016
450 4032
451 4122
452 4230
453 4229
454 4260
455 4407
456 4274
457 4365
458 4284
459 4112
460 4148
461 3992
462 3917
463 3756
464 3539
465 3358
466 3354
467 3304
468 3169
469 3088
470 3061
471 3095
472 2996
473 3022
474 2994
475 2854
476 2951
477 2814
478 2983
479 2892
480 2981
481 2962
482 2845
483 2808
484 3065
485 2876
486 2925
487 2872
488 2869
489 2861
490 2704
491 2897
492 2821
493 2927
494 2934
495 2939
496 2976
497 2879
498 2894
499 2897
500 2847
501 2743
502 2924
503 2851
504 2810
505 2832
506 2885
507 2863
508 2832
509 2855
510 2773
511 2874
512 2919
513 2879
514 2852
515 2880
516 2854
517 2880
518 2802
519 2788
520 2903
521 2745
522 2964
523 2864
524 2808
525 2952
526 3027
527 2782
528 2855
529 2868
530 2922
531 2922
532 2933
533 2853
534 2844
535 2833
536 2874
537 2845
538 2802
539 2822
540 2834
541 2807
542 2862
543 2767
544 2794
545 2839
546 2791
547 2801
548 2848
549 2821
550 2752
551 2712
552 2772
553 2842
554 2776
555 2807
556 2663
557 2856
558 2687
559 2890
560 2768
561 2823
562 2836
563 2798
564 2849
565 2738
566 2797
567 2793
568 2711
569 2730
570 2701
571 2782
572 2750
573 2746
574 2780
575 2643
576 2770
577 2761
578 2815
579 2882
580 2682
581 2698
582 2709
583 2740
584 2819
585 2782
586 2736
587 2856
588 2730
589 2841
590 2890
591 2731
592 2865
593 2839
594 2810
595 2798
596 2828
597 2834
598 2825
599 2842
600 2920
601 2784
602 2735
603 2784
604 2725
605 2840
606 2903
607 2969
608 2983
609 2964
610 3062
611 3259
612 3299
613 3357
614 3375
615 3685
616 4207
617 4569
618 4441
619 4616
620 4772
621 4815
622 4900
623 5238
624 5296
625 5586
626 5678
627 5838
628 5675
629 5395
630 5163
631 4775
632 4412
633 4138
634 4056
635 3716
636 3691
637 3460
638 3109
639 3058
640 3002
641 3004
642 2842
643 2966
644 2856
645 2850
646 2803
647 2856
648 2868
649 2831
650 2769
651 2705
652 2581
653 2621
654 2694
655 2725
656 2737
657 2748
658 2688
659 2709
660 2666
661 2781
662 2697
663 2621
664 2732
665 2718
666 2678
667 2585
668 2543
669 2664
670 2717
671 2668
672 2608
673 2597
674 2638
675 2683
676 2755
677 2696
678 2703
679 2723
680 2723
681 2606
682 2694
683 2659
684 2655
685 2727
686 2732
687 2737
688 2640
689 2659
690 2665
691 2610
692 2601
693 2614
694 2568
695 2583
696 2652
697 2513
698 2588
699 2554
700 2604
701 2580
702 2570
703 2530
704 2693
705 2623
706 2590
707 2669
708 2645
709 2618
710 2622
711 2729
712 2629
713 2571
714 2628
715 2491
716 2620
717 2678
718 2645
719 2728
720 2662
721 2779
722 2751
723 2668
724 2660
725 2672
726 2697
727 2782
728 2776
729 2961
730 2902
731 2946
732 2951
733 2861
734 3039
735 2907
736 3176
737 3284
738 3251
739 3459
740 3609
741 3812
742 3947
743 4285
744 4670
745 5009
746 5400
747 5755
748 6135
749 6751
750 7497
751 8057
752 8903
753 9181
754 8973
755 8544
756 8146
757 7233
758 6568
759 5964
760 5256
761 4992
762 4367
763 3977
764 3683
765 3373
766 3243
767 3138
768 2909
769 2801
770 2826
771 2886
772 2735
773 2738
774 2729
775 2636
776 2670
777 2731
778 2600
779 2595
780 2475
781 2548
782 2518
783 2659
784 2641
785 2561
786 2590
787 2589
788 2542
789 2607
790 2505
791 2569
792 2632
793 2574
794 2591
795 2544
796 2564
797 2593
798 2538
799 2581
800 2549
801 2546
802 2601
803 2540
804 2618
805 2599
806 2510
807 2523
808 2588
809 2529
810 2557
811 2544
812 2468
813 2477
814 2488
815 2585
816 2478
817 2506
818 2545
819 2556
820 2535
821 2423
822 2476
823 2581
824 2448
825 2354
826 2470
827 2537
828 2450
829 2394
830 2501
831 2483
832 2498
833 2522
834 2476
835 2500
836 2490
837 2449
838 2413
839 2453
840 2501
841 2452
842 2566
843 2522
844 2507
845 2678
846 2495
847 2545
848 2494
849 2456
850 2566
851 2525
852 2629
853 2614
854 2737
855 2672
856 2646
857 2618
858 2636
859 2566
860 2682
861 2698
862 2673
863 2688
864 2838
865 2767
866 2859
867 2871
868 2812
869 2833
870 2954
871 3043
872 3174
873 3297
874 3579
875 3690
876 3847
877 4304
878 4497
879 4993
880 5672
881 6142
882 6644
883 6891
884 7198
885 7390
886 7403
887 7362
888 7148
889 6531
890 5932
891 5832
892 5173
893 4578
894 4367
895 3849
896 3765
897 3456
898 3241
899 3083
900 3052
901 2985
902 2826
903 2862
904 2683
905 2642
906 2710
907 2641
908 2660
909 2565
910 2620
911 2560
912 2438
913 2546
914 2519
915 2556
916 2450
917 2494
918 2491
919 2554
920 2520
921 2353
922 2450
923 2425
924 2447
925 2526
926 2402
927 2390
928 2379
929 2454
930 2479
931 2577
932 2413
933 2439
934 2466
935 2380
936 2486
937 2401
938 2452
939 2425
940 2435
941 2435
942 2416
943 2370
944 2451
945 2474
946 2409
947 2494
948 2450
949 2464
950 2492
951 2475
952 2461
953 2470
954 2395
955 2484
956 2461
957 2385
958 2518
959 2426
960 2418
961 2370
962 2466
963 2520
964 2513
965 2471
966 2420
967 2454
968 2435
969 2560
970 2431
971 2364
972 2371
973 2544
974 2457
975 2607
976 2381
977 2462
978 2472
979 2511
980 2576
981 2390
982 2462
983 2589
984 2591
985 2640
986 2597
987 2530
988 2554
989 2692
990 2546
991 2574
992 2593
993 2586
994 2410
995 2571
996 2605
997 2584
998 2622
999 2679
1000 2611
1001 2703
1002 2633
1003 2710
1004 2669
1005 2816
1006 2835
1007 2811
1008 2935
1009 3064
1010 3279
1011 3386
1012 3501
1013 3736
1014 3954
1015 4049
1016 4523
1017 4711
1018 4742
1019 5104
1020 5279
1021 5573
1022 6025
1023 6656
1024 7202
1025 7873
1026 8067
1027 8944
1028 9856
1029 10802
1030 12169
1031 13699
1032 14754
1033 15203
1034 16318
1035 17147
1036 17729
1037 17149
1038 18308
1039 18029
1040 17196
1041 16589
1042 15435
1043 14493
1044 13525
1045 11971
1046 10534
1047 9466
1048 8536
1049 7460
1050 6490
1051 5687
1052 5134
1053 4621
1054 4637
1055 4558
1056 4501
1057 4401
1058 4865
1059 4995
1060 5305
1061 5569
1062 5968
1063 6383
1064 6988
1065 7416
1066 8329
1067 8914
1068 9729
1069 10560
1070 10888
1071 11208
1072 10445
1073 10619
1074 9727
1075 8998
1076 8701
1077 8112
1078 7714
1079 6946
1080 6320
1081 5779
1082 5191
1083 4901
1084 4443
1085 4188
1086 3659
1087 3416
1088 3166
1089 3115
1090 2913
1091 2921
1092 2803
1093 2912
1094 2680
1095 2760
1096 2646
1097 2677
1098 2600
1099 2596
1100 2631
1101 2498
1102 2477
1103 2568
1104 2470
1105 2455
1106 2508
1107 2535
1108 2500
1109 2430
1110 2482
1111 2438
1112 2372
1113 2376
1114 2462
1115 2451
1116 2452
1117 2414
1118 2341
1119 2445
1120 2405
1121 2352
1122 2253
1123 2392
1124 2285
1125 2375
1126 2323
1127 2290
1128 2234
1129 2209
1130 2233
1131 2346
1132 2380
1133 2309
1134 2298
1135 2287
1136 2255
1137 2276
1138 2273
1139 2329
1140 2353
1141 2322
1142 2213
1143 2284
1144 2305
1145 2277
1146 2368
1147 2168
1148 2312
1149 2217
1150 2190
1151 2252
1152 2330
1153 2311
1154 2397
1155 2329
1156 2287
1157 2318
1158 2290
1159 2306
1160 2323
1161 2217
1162 2257
1163 2276
1164 2299
1165 2264
1166 2283
1167 2244
1168 2218
1169 2216
1170 2210
1171 2340
1172 2201
1173 2265
1174 2296
1175 2250
1176 2262
1177 2207
1178 2347
1179 2190
1180 2135
1181 2219
1182 2205
1183 2265
1184 2244
1185 2185
1186 2203
1187 2115
1188 2227
1189 2168
1190 2205
1191 2171
1192 2171
1193 2253
1194 2156
1195 2131
1196 2192
1197 2195
1198 2169
1199 2273
1200 2191
1201 2166
1202 2194
1203 2261
1204 2164
1205 2210
1206 2169
1207 2209
1208 2209
1209 2238
1210 2193
1211 2166
1212 2077
1213 2205
1214 2098
1215 2179
1216 2230
1217 2195
1218 2155
1219 2195
1220 2050
1221 2106
1222 2122
1223 2184
1224 2102
1225 2184
1226 2256
1227 2120
1228 2012
1229 2086
1230 2144
1231 2038
1232 2107
1233 2097
1234 2034
1235 2073
1236 2013
1237 2148
1238 2085
1239 2157
1240 2110
1241 2081
1242 2036
1243 2008
1244 2123
1245 2160
1246 1940
1247 2083
1248 1964
1249 2053
1250 2091
1251 2098
1252 2071
1253 2098
1254 2077
1255 1947
1256 2045
1257 2037
1258 1961
1259 2009
1260 2127
1261 2056
1262 1968
1263 1960
1264 2056
1265 2176
1266 2239
1267 2033
1268 2009
1269 2064
1270 2049
1271 2085
1272 1954
1273 1944
1274 1952
1275 1860
1276 1826
1277 1669
1278 1671
1279 2050
