0 3931
1 3138
2 3319
3 3501
4 3561
5 3614
6 3728
7 3857
8 3670
9 3663
10 3726
11 3861
12 3898
13 3995
14 3874
15 3971
16 4098
17 4058
18 4131
19 4033
20 4053
21 3808
22 4019
23 3942
24 4018
25 3899
26 3827
27 3794
28 3935
29 3769
30 3741
31 3622
32 3650
33 3772
34 3652
35 3804
36 3789
37 3674
38 3727
39 3686
40 3724
41 3657
42 3728
43 3679
44 3678
45 3710
46 3707
47 3744
48 3694
49 3753
50 3764
51 3663
52 3761
53 3771
54 3667
55 3857
56 3822
57 3818
58 3777
59 3713
60 3755
61 3803
62 3637
63 3757
64 3762
65 3728
66 3832
67 3731
68 3686
69 3659
70 3729
71 3651
72 3612
73 3739
74 3551
75 3574
76 3553
77 3607
78 3608
79 3668
80 3545
81 3573
82 3740
83 3738
84 3779
85 3698
86 3699
87 3774
88 3771
89 3846
90 3789
91 3971
92 3908
93 3989
94 3852
95 4064
96 4125
97 4445
98 4398
99 4539
100 4380
101 4718
102 4798
103 4772
104 4746
105 4844
106 4833
107 5102
108 5105
109 5248
110 5108
111 4946
112 4892
113 5063
114 4624
115 4539
116 4530
117 4473
118 4244
119 4249
120 4173
121 4011
122 3774
123 3745
124 3771
125 3866
126 3658
127 3761
128 3726
129 3706
130 3724
131 3607
132 3703
133 3683
134 3545
135 3781
136 3663
137 3686
138 3607
139 3568
140 3727
141 3722
142 3502
143 3676
144 3635
145 3607
146 3697
147 3608
148 3730
149 3584
150 3572
151 3712
152 3660
153 3422
154 3637
155 3571
156 3587
157 3539
158 3398
159 3578
160 3545
161 3477
162 3506
163 3509
164 3556
165 3484
166 3441
167 3437
168 3410
169 3596
170 3453
171 3515
172 3355
173 3313
174 3361
175 3401
176 3395
177 3392
178 3268
179 3527
180 3442
181 3450
182 3389
183 3396
184 3521
185 3420
186 3406
187 3369
188 3389
189 3465
190 3393
191 3377
192 3443
193 3390
194 3405
195 3437
196 3370
197 3415
198 3349
199 3372
200 3458
201 3458
202 3432
203 3358
204 3447
205 3394
206 3564
207 3549
208 3440
209 3373
210 3393
211 3485
212 3482
213 3580
214 3463
215 3397
216 3192
217 3351
218 3454
219 3347
220 3262
221 3376
222 3446
223 3265
224 3321
225 3321
226 3486
227 3296
228 3475
229 3446
230 3393
231 3443
232 3544
233 3286
234 3396
235 3520
236 3576
237 3533
238 3531
239 3494
240 3645
241 3622
242 3684
243 3530
244 3592
245 3518
246 3672
247 3721
248 3644
249 3644
250 3691
251 3723
252 3924
253 3862
254 4094
255 4166
256 4459
257 4369
258 4330
259 4447
260 4224
261 4242
262 3973
263 4024
264 4028
265 3969
266 3932
267 3755
268 3729
269 3621
270 3623
271 3575
272 3651
273 3575
274 3716
275 3517
276 3550
277 3758
278 3621
279 3640
280 3653
281 3507
282 3737
283 3646
284 3657
285 3590
286 3789
287 3712
288 3660
289 3668
290 3692
291 3740
292 3788
293 3692
294 3778
295 3803
296 3678
297 3732
298 3671
299 3636
300 3644
301 3591
302 3566
303 3729
304 3755
305 3643
306 3688
307 3625
308 3494
309 3580
310 3608
311 3563
312 3533
313 3485
314 3592
315 3489
316 3436
317 3497
318 3672
319 3591
320 3486
321 3556
322 3450
323 3526
324 3420
325 3405
326 3426
327 3427
328 3401
329 3421
330 3488
331 3350
332 3456
333 3422
334 3575
335 3534
336 3570
337 3616
338 3513
339 3671
340 3788
341 3719
342 3736
343 3891
344 3717
345 3799
346 3995
347 4260
348 4297
349 4518
350 4892
351 5114
352 5850
353 6219
354 7250
355 7724
356 9256
357 11163
358 13503
359 15220
360 17432
361 19119
362 20030
363 21292
364 21743
365 21547
366 22141
367 22174
368 23684
369 24412
370 26827
371 29960
372 33488
373 37903
374 42842
375 45996
376 48699
377 49461
378 49192
379 49581
380 45807
381 41436
382 38010
383 33739
384 28608
385 23728
386 18233
387 13926
388 10779
389 8139
390 6523
391 5575
392 4984
393 4725
394 4457
395 4263
396 3981
397 3809
398 3862
399 3883
400 3662
401 3625
402 3695
403 3672
404 3655
405 3685
406 3588
407 3539
408 3690
409 3605
410 3533
411 3531
412 3603
413 3638
414 3499
415 3388
416 3407
417 3419
418 3464
419 3513
420 3445
421 3544
422 3472
423 3403
424 3440
425 3445
426 3408
427 3327
428 3363
429 3328
430 3473
431 3383
432 3482
433 3436
434 3427
435 3397
436 3459
437 3450
438 3502
439 3594
440 3646
441 3621
442 3583
443 3668
444 3667
445 3848
446 3875
447 3829
448 4015
449 4260
450 4182
451 4177
452 4326
453 4286
454 4483
455 4503
456 4266
457 4376
458 4182
459 3926
460 4145
461 3796
462 3585
463 3488
464 3377
465 3262
466 3246
467 3253
468 3308
469 3234
470 3009
471 3158
472 3066
473 2998
474 2996
475 3079
476 2972
477 3039
478 3071
479 3012
480 2904
481 2990
482 2938
483 3043
484 3131
485 2891
486 2960
487 2904
488 2967
489 3016
490 2883
491 2856
492 2892
493 2973
494 2982
495 3071
496 2847
497 2912
498 2929
499 2924
500 2817
501 2979
502 2905
503 3001
504 2852
505 2961
506 2945
507 2986
508 2940
509 2803
510 2966
511 2823
512 2946
513 2954
514 2822
515 2990
516 2968
517 2864
518 2925
519 2908
520 2934
521 2846
522 3039
523 2914
524 2951
525 2917
526 3098
527 2949
528 2826
529 3015
530 2922
531 2945
532 2983
533 2978
534 2888
535 2993
536 2835
537 2835
538 2936
539 2946
540 2990
541 2969
542 2926
543 2937
544 2924
545 2957
546 2912
547 3042
548 2938
549 2906
550 2893
551 2827
552 2782
553 2881
554 2967
555 3030
556 2911
557 2855
558 2941
559 2820
560 2926
561 3013
562 2986
563 2748
564 2816
565 2880
566 2891
567 2864
568 2796
569 2843
570 2886
571 2836
572 2880
573 2873
574 2891
575 2803
576 2906
577 2764
578 2818
579 2909
580 2855
581 2839
582 2866
583 2920
584 2881
585 2843
586 2876
587 3056
588 2975
589 3002
590 2891
591 2978
592 2993
593 2967
594 3012
595 2984
596 2933
597 2898
598 3005
599 2922
600 2985
601 2880
602 2906
603 2988
604 3014
605 3084
606 3011
607 3104
608 3182
609 3393
610 3451
611 3613
612 3783
613 4086
614 4799
615 5822
616 5926
617 5986
618 6020
619 5993
620 5972
621 5884
622 6237
623 6336
624 6331
625 6583
626 6628
627 6047
628 5691
629 5219
630 4843
631 4411
632 4106
633 3761
634 3778
635 3447
636 3345
637 3201
638 3050
639 2985
640 2998
641 2992
642 3108
643 2901
644 2842
645 2806
646 2956
647 2797
648 2861
649 2918
650 2887
651 2841
652 2812
653 2929
654 2879
655 2925
656 2754
657 2953
658 2835
659 2858
660 2750
661 2832
662 2773
663 2808
664 2765
665 2696
666 2851
667 2814
668 2777
669 2868
670 2827
671 2810
672 2870
673 2857
674 2748
675 2811
676 2680
677 2812
678 2853
679 2871
680 2863
681 2777
682 2751
683 2883
684 2733
685 2780
686 2757
687 2735
688 2791
689 2688
690 2751
691 2745
692 2673
693 2705
694 2650
695 2663
696 2736
697 2673
698 2739
699 2659
700 2769
701 2676
702 2711
703 2731
704 2705
705 2829
706 2731
707 2692
708 2851
709 2684
710 2739
711 2788
712 2717
713 2690
714 2756
715 2634
716 2744
717 2817
718 2748
719 2777
720 2690
721 2931
722 2841
723 2849
724 2903
725 2851
726 2902
727 2949
728 3085
729 3095
730 3013
731 3152
732 3163
733 3173
734 3351
735 3293
736 3552
737 3551
738 3853
739 3897
740 4253
741 4545
742 4814
743 5246
744 5625
745 6045
746 6598
747 7095
748 7486
749 8269
750 8748
751 9622
752 9856
753 9538
754 8652
755 8063
756 6789
757 6217
758 5512
759 4772
760 4321
761 3983
762 3754
763 3488
764 3175
765 3047
766 2973
767 2949
768 2881
769 2855
770 2816
771 2863
772 2765
773 2642
774 2752
775 2721
776 2723
777 2686
778 2727
779 2715
780 2682
781 2677
782 2685
783 2752
784 2821
785 2782
786 2599
787 2568
788 2633
789 2709
790 2646
791 2699
792 2762
793 2712
794 2680
795 2718
796 2663
797 2648
798 2567
799 2638
800 2675
801 2699
802 2614
803 2578
804 2566
805 2710
806 2682
807 2594
808 2705
809 2590
810 2603
811 2695
812 2626
813 2695
814 2686
815 2613
816 2615
817 2499
818 2610
819 2705
820 2703
821 2581
822 2601
823 2624
824 2641
825 2542
826 2577
827 2680
828 2568
829 2622
830 2620
831 2544
832 2586
833 2604
834 2656
835 2566
836 2564
837 2610
838 2619
839 2568
840 2704
841 2698
842 2689
843 2594
844 2591
845 2685
846 2616
847 2745
848 2578
849 2630
850 2553
851 2658
852 2734
853 2745
854 2649
855 2752
856 2770
857 2839
858 2773
859 2887
860 2837
861 2896
862 2967
863 2976
864 3042
865 3155
866 3079
867 3117
868 3082
869 3224
870 3371
871 3525
872 3740
873 4008
874 4311
875 4494
876 4987
877 5531
878 6134
879 6614
880 7518
881 7587
882 7865
883 7910
884 8243
885 7657
886 7229
887 6817
888 6435
889 5854
890 5067
891 4516
892 4198
893 3737
894 3747
895 3267
896 3170
897 3182
898 2990
899 2888
900 2888
901 2828
902 2796
903 2897
904 2735
905 2715
906 2787
907 2652
908 2576
909 2659
910 2564
911 2656
912 2633
913 2594
914 2488
915 2605
916 2624
917 2506
918 2547
919 2651
920 2576
921 2521
922 2537
923 2472
924 2579
925 2598
926 2573
927 2508
928 2559
929 2509
930 2672
931 2598
932 2558
933 2614
934 2570
935 2582
936 2548
937 2555
938 2547
939 2649
940 2575
941 2547
942 2497
943 2521
944 2632
945 2492
946 2534
947 2428
948 2566
949 2565
950 2596
951 2578
952 2656
953 2542
954 2511
955 2583
956 2514
957 2566
958 2472
959 2614
960 2558
961 2524
962 2530
963 2561
964 2655
965 2529
966 2574
967 2599
968 2609
969 2591
970 2563
971 2509
972 2526
973 2574
974 2580
975 2570
976 2603
977 2539
978 2598
979 2679
980 2740
981 2598
982 2637
983 2742
984 2669
985 2599
986 2583
987 2551
988 2708
989 2710
990 2616
991 2693
992 2716
993 2761
994 2695
995 2684
996 2815
997 2714
998 2767
999 2755
1000 2775
1001 2742
1002 2900
1003 2900
1004 2883
1005 3103
1006 3126
1007 3359
1008 3374
1009 3558
1010 3975
1011 4052
1012 4207
1013 4445
1014 4711
1015 4924
1016 5436
1017 5388
1018 5569
1019 5947
1020 6144
1021 6741
1022 7387
1023 8498
1024 9153
1025 9843
1026 10706
1027 11895
1028 13683
1029 15224
1030 17233
1031 18497
1032 18597
1033 18196
1034 18967
1035 18907
1036 18831
1037 17175
1038 16402
1039 15374
1040 13807
1041 12970
1042 11501
1043 10543
1044 9104
1045 8094
1046 7262
1047 6477
1048 5960
1049 5456
1050 5040
1051 4722
1052 4736
1053 4709
1054 4787
1055 4883
1056 5086
1057 5377
1058 5880
1059 6045
1060 6591
1061 6796
1062 7702
1063 8233
1064 8911
1065 9407
1066 10133
1067 11034
1068 11128
1069 11463
1070 11426
1071 11186
1072 10076
1073 9428
1074 8524
1075 7771
1076 7183
1077 6672
1078 5976
1079 5513
1080 4922
1081 4393
1082 3921
1083 3866
1084 3608
1085 3441
1086 3330
1087 3143
1088 2945
1089 2976
1090 2743
1091 2767
1092 2839
1093 2818
1094 2731
1095 2768
1096 2686
1097 2659
1098 2610
1099 2727
1100 2502
1101 2578
1102 2597
1103 2544
1104 2584
1105 2612
1106 2585
1107 2620
1108 2480
1109 2577
1110 2499
1111 2526
1112 2568
1113 2475
1114 2538
1115 2524
1116 2533
1117 2564
1118 2536
1119 2422
1120 2444
1121 2536
1122 2521
1123 2406
1124 2462
1125 2464
1126 2426
1127 2324
1128 2207
1129 2281
1130 2397
1131 2428
1132 2372
1133 2386
1134 2365
1135 2503
1136 2360
1137 2413
1138 2359
1139 2350
1140 2332
1141 2374
1142 2357
1143 2418
1144 2317
1145 2393
1146 2358
1147 2322
1148 2312
1149 2371
1150 2294
1151 2334
1152 2467
1153 2347
1154 2485
1155 2329
1156 2346
1157 2322
1158 2297
1159 2311
1160 2525
1161 2506
1162 2396
1163 2267
1164 2292
1165 2225
1166 2431
1167 2333
1168 2288
1169 2272
1170 2286
1171 2469
1172 2397
1173 2319
1174 2339
1175 2312
1176 2229
1177 2334
1178 2364
1179 2344
1180 2310
1181 2322
1182 2356
1183 2389
1184 2356
1185 2362
1186 2354
1187 2318
1188 2284
1189 2215
1190 2403
1191 2340
1192 2156
1193 2296
1194 2281
1195 2289
1196 2228
1197 2327
1198 2319
1199 2314
1200 2216
1201 2279
1202 2264
1203 2307
1204 2214
1205 2245
1206 2236
1207 2245
1208 2273
1209 2055
1210 2155
1211 2230
1212 2250
1213 2139
1214 2244
1215 2306
1216 2359
1217 2323
1218 2265
1219 2197
1220 2339
1221 2250
1222 2275
1223 2254
1224 2179
1225 2225
1226 2310
1227 2148
1228 2157
1229 2220
1230 2239
1231 2130
1232 2124
1233 2227
1234 2139
1235 2209
1236 2160
1237 2214
1238 2179
1239 2249
1240 2243
1241 2211
1242 2172
1243 2159
1244 2223
1245 2181
1246 2119
1247 2168
1248 2180
1249 2250
1250 2075
1251 2108
1252 2071
1253 2227
1254 2149
1255 2149
1256 2106
1257 2180
1258 2070
1259 2144
1260 2112
1261 2061
1262 2107
1263 2092
1264 2071
1265 2161
1266 2119
1267 2094
1268 2081
1269 2155
1270 2094
1271 2066
1272 2056
1273 2039
1274 2039
1275 1937
1276 1966
1277 1787
1278 1696
1279 2138
